-1.58946 47.1893 -1.5899902 47.1898398 1736414477
1
100 
50
16 5 6 9 -1.55413 47.2066 -1.5533863 47.2066671 796994217
11 10 7 12 -1.56079 47.2119 -1.5616218 47.2122012 292679470
17 5 12 14 -1.54285 47.2269 -1.5425873 47.2271465 277456640
21 5 16 20 -1.55489 47.2068 -1.5549024 47.2065155 359206256
2 5 7 10 -1.55139 47.2161 -1.5514806 47.2163046 3141438537
6 5 9 12 -1.56132 47.2186 -1.5609282 47.2188688 287431452
41 5 12 14 -1.55654 47.2137 -1.5567027 47.2135841 4988076365
13 10 9 12 -1.56577 47.2042 -1.56588 47.2041241 2870930675
22 5 16 20 -1.57028 47.2209 -1.570359 47.2208585 286359240
38 5 7 10 -1.55384 47.2182 -1.5539675 47.2181433 1205616375
15 5 7 10 -1.57504 47.2095 -1.5751956 47.2093722 309249517
24 10 9 12 -1.55648 47.2209 -1.5563172 47.2209603 3396055539
16 10 9 12 -1.54381 47.2114 -1.5439678 47.2115667 292916760
26 10 7 12 -1.54522 47.2111 -1.5450286 47.2111413 293255550
6 10 7 10 -1.56818 47.2179 -1.5685585 47.2176721 291356016
4 10 9 12 -1.54109 47.2037 -1.5411191 47.2035121 1649200888
32 10 9 12 -1.54452 47.2151 -1.544767 47.2153102 3127607046
19 5 7 12 -1.55157 47.2208 -1.5514647 47.2209031 290215540
9 5 16 20 -1.54935 47.212 -1.5498706 47.2117678 279635052
35 10 7 10 -1.55164 47.2174 -1.5517343 47.2175723 339037617
15 5 6 9 -1.52915 47.2099 -1.5294351 47.2096752 1333770564
19 5 7 10 -1.57001 47.2103 -1.5700136 47.2104313 305744073
6 5 12 14 -1.55383 47.2053 -1.5539382 47.2053714 1395099948
30 5 14 17 -1.56519 47.2126 -1.5649336 47.2122435 296394115
34 10 14 17 -1.54257 47.227 -1.5425873 47.2271465 277456640
38 10 9 12 -1.56133 47.2219 -1.5615269 47.2218853 292651767
16 10 7 10 -1.56154 47.2151 -1.5616615 47.2153591 315258329
16 10 7 10 -1.56877 47.2145 -1.5686938 47.2144329 315143067
30 10 12 14 -1.56926 47.216 -1.5693571 47.2161123 315143068
7 10 6 9 -1.55423 47.2293 -1.554468 47.2294378 290027759
16 10 7 12 -1.57612 47.2109 -1.5761752 47.2110178 1737309104
20 5 7 10 -1.56384 47.2235 -1.5648414 47.2243653 289440000
10 5 16 20 -1.57379 47.2103 -1.57364 47.2105639 309249474
15 5 7 10 -1.56466 47.2129 -1.5644725 47.212677 296945176
12 5 7 12 -1.55008 47.2121 -1.5499178 47.2118486 292734414
23 5 9 12 -1.553 47.2046 -1.5533498 47.2046682 360697021
18 5 6 9 -1.54941 47.2233 -1.5495633 47.2237145 302423467
20 5 6 9 -1.56345 47.2305 -1.5633716 47.230295 286348534
29 5 12 14 -1.57345 47.2086 -1.573089 47.208788 309249458
35 10 7 10 -1.54252 47.227 -1.5425873 47.2271465 277456640
16 10 7 10 -1.56035 47.2192 -1.5602503 47.2193312 1557675631
18 10 7 12 -1.57059 47.2101 -1.5705622 47.2099033 664236546
27 5 7 12 -1.55956 47.2256 -1.5595577 47.2257317 285972441
7 5 7 10 -1.53636 47.2218 -1.5361017 47.2215143 297686608
48 10 6 9 -1.54681 47.2012 -1.5466487 47.2013132 1650331225
5 10 14 17 -1.56357 47.2146 -1.5633432 47.2144657 315882179
28 10 7 12 -1.56857 47.2104 -1.5684739 47.2102137 305615954
3 5 14 17 -1.54603 47.201 -1.5456505 47.2009194 652535143
4 10 16 20 -1.5469 47.2116 -1.5469039 47.2113974 292734481
27 5 14 17 -1.56236 47.2168 -1.5625721 47.2170623 294029951
0.0 541 637 851 527 674 724 638 588 750 696 722 743 629 617 721 536 688 756 619 700 661 705 518 672 851 768 687 724 750 869 725 815 696 667 619 506 817 824 705 851 730 680 782 810 509 668 672 514 616 701 
535 0.0 124 337 13 161 211 125 90 236 182 223 230 141 129 207 128 182 242 130 186 209 207 21 158 337 254 173 210 236 355 227 301 198 154 131 38 304 310 207 337 216 182 268 312 86 154 173 99 128 187 
619 111 0.0 317 97 148 157 71 173 183 159 173 196 164 161 153 216 174 218 144 172 309 157 116 105 317 201 120 156 183 331 177 248 148 100 137 121 284 286 156 317 163 131 244 304 170 101 123 183 180 134 
826 317 278 0.0 304 162 223 234 380 314 154 417 172 264 276 300 387 307 125 287 142 299 397 323 303 0.0 219 301 319 335 140 396 277 392 299 285 328 72 240 401 0.0 215 372 206 95 376 289 371 368 282 259 
522 13 110 324 0.0 147 197 111 76 222 168 209 216 153 141 193 118 168 228 138 172 220 193 19 144 324 240 160 196 222 341 213 288 184 140 131 24 290 296 193 324 202 168 254 298 72 140 159 85 140 173 
668 160 133 176 146 0.0 134 89 222 221 43 272 83 137 149 192 240 164 95 134 25 297 252 165 158 176 130 156 199 225 208 276 188 247 154 127 170 142 163 255 176 126 227 121 189 218 144 226 211 154 143 
722 214 122 197 200 141 0.0 120 265 106 125 203 60 265 252 77 300 225 123 195 139 381 178 220 139 197 46 89 95 112 201 172 94 180 134 187 225 160 156 197 197 8 169 114 282 273 103 168 271 233 36 
634 126 104 246 112 77 124 0.0 189 192 87 243 134 171 159 163 206 131 146 101 100 288 223 132 129 246 168 127 170 196 259 247 215 218 125 94 137 212 214 226 246 130 198 172 247 185 115 197 177 139 114 
570 117 203 427 103 250 300 214 0.0 288 271 212 319 243 231 259 184 272 332 232 276 295 195 94 225 427 344 259 223 249 445 215 391 186 220 233 90 393 400 195 427 306 170 358 401 138 240 162 152 230 276 
757 249 137 293 235 212 105 183 265 0.0 196 194 156 301 298 60 353 296 219 266 210 447 169 254 147 293 111 102 86 63 250 163 106 171 148 259 259 256 145 189 293 113 160 168 369 307 116 168 321 304 98 
689 181 134 172 167 41 125 89 243 215 0.0 273 73 179 191 192 261 186 85 155 39 339 252 186 159 172 121 156 200 226 199 276 178 247 154 148 191 138 154 256 172 116 227 112 185 239 144 227 232 194 143 
718 235 165 394 221 267 196 214 184 170 251 0.0 257 272 269 141 315 318 308 288 265 419 68 224 164 394 231 157 92 109 396 23 276 25 160 281 220 357 315 29 394 205 55 309 424 269 163 70 282 288 167 
736 228 165 136 214 81 51 130 290 148 69 255 0.0 219 231 128 308 232 62 202 79 378 230 233 190 136 54 140 147 163 140 224 112 232 185 195 238 99 95 249 136 42 220 53 221 286 154 220 278 236 87 
608 123 175 245 137 160 251 176 204 287 203 267 243 0.0 12 258 128 66 255 74 185 165 251 131 209 245 291 225 256 283 337 271 342 242 205 75 136 236 324 251 245 257 226 282 198 148 206 217 140 46 238 
602 117 169 257 131 172 243 170 198 281 198 261 246 12 0.0 252 140 78 258 65 197 177 244 125 203 257 286 218 250 276 349 264 333 236 198 67 129 248 327 244 257 248 219 285 210 142 199 211 134 38 232 
728 220 108 290 206 184 92 154 236 29 168 165 153 273 270 0.0 325 268 215 237 182 418 140 226 119 290 122 74 58 35 279 135 135 143 119 230 230 252 174 160 290 100 131 197 340 278 88 140 292 276 70 
537 122 223 350 113 232 297 224 173 335 252 307 300 123 136 306 0.0 172 313 162 257 124 291 104 258 350 340 273 309 335 426 311 388 282 253 163 92 342 381 290 350 302 265 339 304 52 254 257 38 160 286 
679 184 183 203 170 118 225 160 246 292 161 312 201 91 103 263 213 0.0 213 107 143 198 296 190 217 203 249 227 269 295 295 316 306 287 212 109 194 194 282 296 203 230 270 240 175 220 213 262 211 103 214 
747 239 194 150 225 81 134 150 301 224 70 333 82 216 228 211 319 243 0.0 213 64 366 312 244 219 150 130 217 230 246 194 307 187 308 215 206 249 116 163 317 150 125 288 121 163 297 205 288 290 234 170 
608 123 150 295 137 127 193 128 204 260 148 280 196 85 73 231 169 92 209 0.0 153 250 264 131 185 295 236 195 236 263 322 283 283 255 180 1 136 270 277 263 295 198 238 235 267 148 181 230 140 47 182 
701 193 157 154 179 33 124 112 255 215 33 296 73 171 183 201 273 198 85 168 0.0 330 276 199 182 154 120 180 220 236 198 297 178 271 177 161 204 120 153 279 154 115 250 111 167 252 168 250 244 188 160 
657 201 313 294 203 308 375 310 263 425 331 397 379 166 178 396 119 209 385 240 333 0.0 380 190 347 294 419 363 399 425 434 400 466 371 343 241 193 362 459 380 294 381 355 417 198 171 344 347 157 213 365 
704 221 150 384 207 257 186 199 169 167 241 68 247 257 254 138 300 304 298 274 255 405 0.0 210 150 384 228 147 82 106 388 71 273 42 145 266 206 347 313 54 384 195 25 301 414 254 153 55 268 274 157 
518 23 122 336 12 159 209 123 72 234 180 206 228 149 137 205 115 180 240 138 185 201 190 0.0 157 336 253 172 208 234 354 210 300 181 152 139 21 302 309 189 336 215 164 267 310 69 153 156 82 136 185 
681 173 62 333 159 188 156 111 164 138 173 113 200 226 223 109 278 236 227 206 187 371 93 179 0.0 333 198 96 74 100 340 117 245 88 57 199 183 297 284 97 333 165 68 253 346 232 77 68 245 242 116 
826 317 278 0.0 304 162 223 234 380 314 154 417 172 264 276 300 387 307 125 287 142 299 397 323 303 0.0 219 301 319 335 140 396 277 392 299 285 328 72 240 401 0.0 215 372 206 95 376 289 371 368 282 259 
777 269 177 207 255 152 60 175 324 94 140 262 70 289 302 117 355 280 133 249 150 436 238 275 198 207 0.0 148 155 152 175 232 57 240 194 242 280 170 130 257 207 51 228 88 292 328 162 228 326 288 95 
667 159 53 253 145 109 75 81 221 111 94 184 119 211 208 82 264 193 151 163 107 350 163 164 70 253 119 0.0 93 118 259 169 167 158 65 156 169 219 214 167 253 84 138 172 266 217 41 138 231 201 34 
716 208 96 302 194 175 104 145 191 87 159 107 165 260 257 57 312 259 216 228 173 406 82 213 74 302 146 65 0.0 48 305 77 193 84 107 221 218 265 232 102 302 113 73 218 331 266 71 95 280 267 75 
728 220 108 289 206 183 91 154 214 61 167 130 152 272 269 31 324 267 215 237 181 418 105 225 97 289 122 73 23 0.0 287 100 167 108 119 230 230 252 206 125 289 100 96 200 340 278 87 118 291 275 69 
867 359 296 179 345 212 194 261 421 260 200 397 145 350 362 271 439 363 166 333 210 479 372 364 321 179 165 283 290 302 0.0 367 154 375 316 326 369 183 100 392 179 185 363 108 275 417 297 362 410 367 230 
708 225 155 371 212 243 173 204 174 146 227 40 234 262 259 117 305 308 285 278 241 409 58 214 142 371 207 134 68 85 373 0.0 252 15 150 271 211 334 292 51 371 182 46 286 400 259 139 60 272 278 144 
828 320 224 256 307 201 106 226 366 118 189 304 134 339 351 150 407 331 182 301 199 488 279 326 240 256 112 190 196 182 162 273 0.0 281 235 294 331 219 79 298 256 114 269 80 341 379 203 269 377 339 136 
693 210 139 382 196 255 184 188 158 157 239 25 245 246 244 128 290 293 296 263 253 394 42 199 139 382 219 145 79 96 384 28 263 0.0 134 256 195 345 303 36 382 193 30 297 411 243 151 44 257 263 155 
684 176 65 333 162 189 138 114 207 129 173 156 199 229 226 100 281 239 227 209 187 374 136 182 42 333 183 83 72 98 340 149 230 131 0.0 202 187 297 275 140 333 147 111 252 346 235 58 110 248 245 97 
609 124 149 293 136 126 191 126 205 258 147 278 195 119 106 229 170 90 207 43 151 251 262 132 183 293 234 193 235 261 320 282 282 253 178 0.0 136 269 275 262 293 197 237 233 265 149 179 228 141 81 181 
497 34 131 344 20 168 218 132 81 243 189 215 237 154 142 214 94 189 249 143 193 206 198 11 165 344 261 180 217 243 362 218 308 189 161 144 0.0 311 317 198 344 223 173 275 319 48 161 165 61 141 194 
813 304 242 69 291 154 171 207 367 261 143 374 119 286 298 248 385 309 73 279 135 368 349 310 267 69 167 260 267 283 101 344 224 352 262 272 315 0.0 200 364 69 162 335 158 165 363 252 335 355 303 207 
817 309 246 217 295 162 139 211 371 163 150 333 95 300 312 200 389 313 143 283 160 459 308 314 271 217 111 229 226 203 123 303 79 311 266 276 319 180 0.0 328 217 131 299 42 302 367 243 308 359 317 176 
690 208 142 411 194 265 213 188 156 187 262 29 274 244 241 158 287 291 315 260 275 391 61 197 150 411 248 174 109 126 414 52 293 29 145 253 193 374 333 0.0 411 222 41 326 420 241 165 55 254 260 184 
826 317 278 0.0 304 162 223 234 380 314 154 417 172 264 276 300 387 307 125 287 142 299 397 323 303 0.0 219 301 319 335 140 396 277 392 299 285 328 72 240 401 0.0 215 372 206 95 376 289 371 368 282 259 
731 223 131 189 209 133 8 129 274 113 121 212 52 271 261 85 309 234 114 203 131 390 187 229 148 189 52 98 104 120 192 181 99 189 143 196 233 152 147 206 189 0.0 177 105 273 282 111 177 280 242 44 
678 196 125 375 182 248 177 174 144 158 232 45 238 232 229 129 275 279 289 248 246 379 25 185 125 375 219 138 73 97 379 49 264 20 120 241 181 338 303 28 375 186 0.0 291 404 229 140 30 242 248 148 
775 267 204 175 253 120 97 169 329 164 108 301 53 258 270 174 347 271 101 241 118 417 276 272 229 175 69 187 193 210 87 270 80 278 224 234 277 138 42 295 175 89 267 0.0 260 325 201 266 317 275 134 
785 300 327 95 314 208 285 284 381 375 206 444 234 194 206 362 317 225 187 267 194 203 428 308 353 95 281 351 381 397 236 448 339 419 349 268 313 164 314 428 95 276 402 272 0.0 325 339 394 317 241 321 
506 83 180 393 69 217 267 181 130 292 238 264 286 165 153 263 46 218 298 154 242 170 247 60 214 393 310 229 266 292 411 267 357 238 209 155 48 360 366 247 393 272 222 324 346 0.0 210 214 13 152 243 
680 172 60 278 158 135 80 106 224 81 119 163 141 224 221 52 276 219 177 189 133 370 138 177 76 278 125 25 55 81 282 132 172 140 71 182 182 241 227 157 278 89 128 194 292 230 0.0 128 244 227 39 
668 186 95 366 172 221 175 144 134 158 206 75 233 222 219 128 265 269 260 238 220 369 55 175 94 366 217 129 93 119 373 78 264 50 90 231 171 331 303 58 366 184 30 286 379 219 110 0.0 232 238 146 
512 89 185 397 75 222 272 186 135 297 243 269 291 166 154 268 47 219 303 155 248 171 253 66 220 397 316 235 271 297 417 273 363 244 215 156 54 365 372 252 397 278 227 330 347 14 216 219 0.0 153 248 
609 124 188 282 138 165 231 166 205 298 186 286 234 37 25 269 166 93 247 42 191 203 270 132 223 282 274 233 274 300 360 290 321 261 218 44 136 274 315 270 282 236 245 273 236 149 219 236 140 0.0 220 
725 217 106 239 203 149 41 128 247 88 133 185 102 270 261 59 309 233 165 203 147 390 160 223 121 239 85 71 78 94 242 155 133 163 117 196 228 202 197 180 239 50 151 155 306 276 85 151 279 241 0.0 
0.0 6960 7950 9981 6845 8299 8632 7958 7624 9143 8437 8765 8834 7792 7691 8739 7223 8392 8935 7663 8482 8447 8581 6715 8194 9981 8994 8348 8654 8872 10114 8953 9311 8554 8168 7678 6577 9462 9957 8530 9981 8679 8325 9373 9741 6652 8192 8253 6880 7624 8454 
7106 0.0 1221 3252 115 1570 1903 1229 1111 2413 1707 2252 2105 1184 1083 2009 1554 1795 2206 1056 1752 2283 2068 194 1464 3252 2265 1618 1925 2142 3385 2440 2581 2041 1439 1070 429 2733 3227 2017 3252 1949 1812 2644 2828 1066 1463 1740 1098 1016 1724 
7997 1122 0.0 2858 1006 1203 1271 597 2002 1782 1303 1543 1594 1846 1821 1378 2602 1539 1814 1160 1381 3273 1360 1276 833 2858 1633 987 1293 1511 2992 1731 1950 1332 807 1109 1320 2339 2835 1308 2858 1318 1103 2251 2572 1957 831 1031 2144 1741 1093 
9941 3066 2487 0.0 2951 1570 2072 2145 3946 2817 1504 3635 1642 2420 2520 2822 3547 2727 1251 2487 1407 2768 3411 3220 2652 0.0 2038 2685 2871 3141 1344 3852 2449 3424 2627 2499 3264 772 2322 3400 0.0 1998 3155 1941 799 3901 2568 3153 3635 2496 2373 
6990 115 1105 3136 0.0 1454 1787 1113 995 2297 1591 2136 1989 1352 1251 1893 1595 1679 2090 1299 1636 2535 1953 269 1348 3136 2149 1503 1809 2026 3269 2324 2465 1925 1323 1249 313 2617 3112 1901 3136 1833 1697 2528 2712 950 1347 1624 1137 1185 1609 
8433 1559 1050 1681 1443 0.0 1124 708 2438 2073 363 2198 694 1143 1244 1669 2583 1422 796 1042 182 2779 1974 1712 1215 1681 1091 1248 1593 1810 1974 2386 1502 1987 1190 991 1757 1162 1817 1963 1681 1051 1717 1233 1734 2394 1131 1716 2127 1220 1153 
8815 1940 981 1863 1824 1170 0.0 970 2278 1154 1030 2083 499 2133 2032 750 3080 1919 1021 1539 1125 3810 1621 2094 1101 1863 389 743 799 1069 1901 1780 705 1602 1076 1489 2138 1369 1744 1653 1863 73 1407 1160 2527 2775 851 1405 2624 1829 301 
8157 1282 844 2261 1166 605 1026 0.0 2162 1866 705 1992 1114 1359 1258 1462 2306 1146 1216 766 783 3036 1767 1436 1009 2261 1389 1042 1386 1604 2395 2179 1705 1780 983 715 1480 1742 2237 1757 2261 1073 1511 1654 2013 2117 924 1509 1850 1055 946 
7038 1417 1799 4438 1302 2756 3089 2415 0.0 2813 2893 2005 3291 2525 2424 2409 2417 2981 3392 2397 2938 3438 1822 1171 1875 4438 3451 2192 2004 2221 4571 2193 3767 1794 1849 2412 1135 3919 4414 1770 4438 3135 1566 3830 4014 1772 2036 1493 1958 2358 2445 
9356 2481 1359 2692 2365 2009 899 1734 2518 0.0 1869 2111 1327 3205 3181 750 3961 2758 1850 2378 1964 4632 1649 2635 1354 2692 951 1095 826 633 2629 1807 1011 1630 1427 2328 2679 2198 1650 1865 2692 973 1619 1960 3495 3316 1202 1644 3503 2668 1061 
8572 1697 1066 1676 1581 347 1043 724 2577 1788 0.0 2214 613 1491 1592 1685 2721 1561 714 1181 302 3127 1990 1851 1231 1676 1010 1264 1609 1826 1893 2402 1421 2003 1206 1130 1895 1157 1736 1979 1676 970 1734 1152 1729 2532 1147 1732 2265 1470 1169 
8887 2195 1363 3818 2079 2539 1954 1781 1707 1838 2399 0.0 2453 2853 2829 1434 3492 2850 2877 2470 2494 4468 617 2247 1326 3818 2136 1625 1082 1106 3484 197 2849 211 1301 2419 2210 3324 3488 242 3818 2028 567 2743 4025 2848 1581 679 3034 2748 1709 
9001 2126 1350 1364 2010 681 430 1089 3006 1231 582 2513 0.0 1825 1926 1180 3150 1989 522 1609 636 3461 2052 2279 1515 1364 453 1173 1229 1499 1402 2210 864 2032 1489 1559 2324 870 1245 2083 1364 356 1837 661 2028 2961 1281 1835 2694 1901 731 
8003 1241 1934 2281 1357 1335 2120 1942 2362 3126 1698 2799 2030 0.0 100 2722 1176 556 2131 607 1517 1685 2615 1411 2177 2281 2426 2331 2610 2827 2852 2987 2798 2588 2152 617 1612 1971 3152 2564 2281 2166 2359 2569 1942 1734 2176 2287 1653 350 2437 
7948 1187 1880 2382 1303 1436 2050 1888 2307 3072 1656 2745 2054 101 0.0 2668 1277 657 2155 537 1618 1786 2561 1357 2123 2382 2412 2277 2555 2773 2953 2932 2728 2534 2097 547 1557 2072 3177 2510 2382 2096 2305 2593 2043 1679 2121 2232 1599 280 2383 
9041 2166 1044 2744 2050 1694 881 1419 2203 403 1555 1796 1380 2890 2866 0.0 3646 2443 1902 2064 1649 4317 1334 2320 1039 2744 1137 780 512 318 3033 1492 1414 1315 1112 2013 2364 2251 2054 1550 2744 954 1304 2363 3180 3001 888 1330 3188 2353 747 
7174 1364 2627 3416 1522 2338 2868 2635 2300 3819 2475 3442 2872 1289 1389 3415 0.0 1691 2974 1660 2520 1223 3258 1391 2870 3416 3230 3025 3331 3549 4152 3629 3547 3231 2845 1675 1254 3105 3995 3207 3416 2915 3002 3411 3077 726 2869 2930 532 1620 3131 
8578 1859 1652 1930 1743 984 1961 1435 2738 2800 1347 2827 1679 733 834 2396 1861 0.0 1780 764 1166 1991 2643 2012 1895 1930 2076 1976 2355 2573 2501 3014 2486 2615 1870 774 2057 1620 2802 2592 1930 2007 2387 2218 1460 2309 1894 2314 2229 669 1880 
9068 2193 1550 1490 2078 677 1096 1207 3073 1841 566 2698 666 1778 1879 1847 3218 2057 0.0 1677 534 3512 2718 2347 1715 1490 1063 1748 1896 2165 1622 2876 1474 2486 1689 1626 2391 971 1789 2463 1490 1023 2217 1205 1543 3029 1631 2215 2762 1854 1397 
7789 1027 1213 2661 1143 991 1521 996 2148 2361 1128 2387 1526 607 506 1957 1895 730 1627 0.0 1173 2625 2204 1197 1456 2661 1884 1537 1916 2134 2806 2575 2200 2176 1430 9 1398 2154 2648 2152 2661 1568 1948 2065 2191 1520 1454 1875 1439 317 1441 
8600 1725 1260 1522 1609 166 1038 917 2604 1783 277 2408 608 1310 1410 1789 2749 1588 710 1208 0.0 2945 2183 1878 1425 1522 1005 1458 1838 2107 1654 2818 1416 2197 1400 1157 1923 1003 1731 2173 1522 965 1927 1147 1575 2560 1341 1925 2293 1386 1339 
8408 2276 3526 2711 2420 3020 3779 3254 3199 4718 3386 4341 3784 1839 1940 4314 1234 2297 3653 2447 3202 0.0 4157 2249 3769 2711 4142 3923 4230 4447 4071 4528 4458 4129 3744 2586 2386 3465 4907 4106 2711 3826 3901 4323 1911 1961 3768 3828 1766 2189 3699 
8720 2027 1196 3556 1912 2278 1692 1614 1539 1676 2138 617 2192 2686 2661 1272 3325 2681 2616 2303 2233 4300 0.0 2080 1159 3556 1974 1363 821 943 3594 805 2687 406 1134 2252 2043 3062 3326 501 3556 1766 256 2853 3763 2680 1320 512 2867 2581 1447 
6945 225 1277 3307 171 1626 1958 1285 950 2469 1763 2091 2160 1354 1253 2065 1550 1851 2262 1226 1808 2266 1908 0.0 1520 3307 2321 1674 1980 2198 3441 2279 2637 1880 1494 1240 268 2788 3283 1856 3307 2005 1652 2700 2884 905 1519 1579 1092 1186 1780 
8429 1555 432 2908 1439 1456 1154 851 1373 1277 1336 983 1553 2278 2254 873 3035 1972 1782 1592 1430 3706 758 1708 0.0 2908 1505 713 468 685 2960 1170 2288 771 370 1542 1753 2404 2927 747 2908 1228 502 2219 2961 2390 557 500 2576 2173 887 
9941 3066 2487 0.0 2951 1570 2072 2145 3946 2817 1504 3635 1642 2420 2520 2822 3547 2727 1251 2487 1407 2768 3411 3220 2652 0.0 2038 2685 2871 3141 1344 3852 2449 3424 2627 2499 3264 772 2322 3400 0.0 1998 3155 1941 799 3901 2568 3153 3635 2496 2373 
9273 2398 1439 1954 2282 1271 503 1428 2759 778 1172 2563 589 2415 2515 962 3538 2378 1112 1998 1226 4268 2102 2552 1582 1954 0.0 1224 1279 1280 1442 2260 410 2082 1556 1947 2596 1460 1285 2133 1954 429 1887 701 2618 3233 1332 1885 3082 2287 781 
8374 1499 434 2346 1383 914 630 656 2379 1203 774 1521 985 2223 2198 799 2979 1663 1252 1283 869 3553 1297 1653 538 2346 998 0.0 774 1118 2387 1755 1315 1310 513 1233 1697 1855 2230 1286 2346 703 1041 1646 2399 2334 333 1039 2521 1573 283 
8645 1770 647 2735 1654 1457 871 1066 1664 995 1317 1284 1371 2493 2469 591 3250 2206 1795 1826 1411 3921 822 1923 501 2735 1223 542 0.0 403 2773 980 2006 803 716 1775 1968 2241 2645 1038 2735 945 792 2032 2942 2605 498 791 2792 2116 626 
8934 2059 937 2637 1943 1587 773 1312 1858 732 1447 1477 1273 2783 2759 328 3539 2336 1795 1956 1542 4210 1015 2213 695 2637 1030 673 193 0.0 2378 1174 1743 996 1005 1906 2257 2143 2382 1231 2637 847 986 1637 3073 2894 780 985 3081 2246 640 
10266 3392 2615 1500 3276 1947 1631 2355 4271 2173 1848 3715 1387 3091 3191 2382 4416 3255 1385 2875 1901 4268 3253 3545 2780 1500 1395 2375 2431 3570 0.0 3411 1329 3234 2755 2824 3590 1566 909 3284 1500 1558 3039 951 2299 4227 2483 3037 3960 3167 1932 
8891 2199 1367 3620 2083 2342 1756 1785 1711 1641 2202 426 2256 2857 2833 1237 3497 2854 2680 2474 2296 4472 622 2251 1386 3620 1939 1427 884 908 3287 0.0 2652 215 1305 2423 2215 3126 3291 587 3620 1830 571 2545 3827 2852 1383 683 3038 2752 1511 
9702 2827 1849 2690 2711 2018 887 1857 3120 997 1920 2925 1459 3162 3263 1257 3967 2807 1859 2427 1973 4697 2463 2981 1943 2690 938 1585 1641 1631 1464 2622 0.0 2444 1918 2376 3025 2196 774 2494 2690 961 2249 794 3365 3662 1693 2247 3511 2716 1143 
8676 1983 1152 3774 1868 2495 1910 1570 1495 1794 2355 211 2409 2641 2617 1390 3281 2638 2833 2258 2450 4256 406 2036 1115 3774 2092 1581 1038 1062 3440 398 2805 0.0 1089 2208 1999 3280 3444 372 3774 1984 355 2699 3981 2636 1537 468 2823 2536 1665 
8408 1533 411 2862 1417 1429 1040 829 1612 1212 1290 1221 1539 2257 2233 808 3013 1951 1735 1571 1384 3684 997 1687 238 2862 1409 580 464 682 2942 1445 1725 1010 0.0 1520 1731 2358 2863 986 2862 1114 741 2201 2915 2368 364 739 2555 2152 694 
7804 1042 1203 2652 1294 981 1512 986 2163 2351 1119 2378 1516 830 729 1947 1910 721 1617 251 1164 2640 2194 1212 1446 2652 1874 1527 1907 2124 2796 2565 2190 2166 1421 0.0 1412 2144 2639 2143 2652 1558 1938 2055 2181 1534 1445 1865 1454 540 1431 
6676 383 1373 3403 267 1721 2054 1380 1046 2565 1859 2187 2256 1585 1484 2161 1281 1946 2358 1457 1904 2435 2003 137 1616 3403 2417 1770 2076 2294 3536 2375 2733 1976 1590 1471 0.0 2884 3379 1952 3403 2101 1747 2795 2979 637 1614 1675 823 1417 1876 
9641 2767 1990 803 2651 1284 1427 1730 3646 2172 1173 3510 997 2384 2484 2177 3791 2630 606 2250 1128 3571 3049 2920 2155 803 1393 2171 2226 2496 880 3207 1804 3029 2130 2199 2964 0.0 2119 2903 803 1353 2657 1536 1602 3602 2071 2656 3335 2460 1728 
10127 3252 2476 2479 3136 1807 1434 2215 4132 1766 1709 3764 1248 2951 3052 2403 4276 3116 1648 2736 1762 4587 3302 3406 2641 2479 1197 2178 2480 2286 1253 3460 774 3283 2615 2685 3450 1985 0.0 3518 2479 1361 3272 583 3154 4087 2286 3297 3820 3027 1735 
8562 1869 1164 3802 1753 2186 1938 1581 1381 2042 2072 242 2437 2527 2503 1638 3167 2524 2517 2144 2166 4142 531 1922 1131 3802 2340 1609 1066 1310 3688 439 3053 247 1106 2094 1885 3308 3692 0.0 3802 2012 372 2947 3557 2522 1293 484 2709 2422 1693 
9941 3066 2487 0.0 2951 1570 2072 2145 3946 2817 1504 3635 1642 2420 2520 2822 3547 2727 1251 2487 1407 2768 3411 3220 2652 0.0 2038 2685 2871 3141 1344 3852 2449 3424 2627 2499 3264 772 2322 3400 0.0 1998 3155 1941 799 3901 2568 3153 3635 2496 2373 
8888 2013 1054 1789 1898 1106 73 1043 2352 950 1008 2157 425 2250 2105 823 3154 1993 947 1613 1061 3883 1695 2167 1175 1789 435 817 872 1142 1827 1853 752 1675 1149 1562 2211 1296 1670 1726 1789 0.0 1480 1086 2453 2849 925 1478 2698 1903 374 
8464 1771 940 3527 1656 2248 1663 1358 1283 1646 2108 480 2162 2429 2405 1242 3069 2426 2586 2046 2203 4044 256 1824 903 3527 1944 1334 791 914 3564 668 2657 269 877 1996 1787 3033 3296 245 3527 1737 0.0 2823 3734 2424 1064 256 2611 2325 1418 
9543 2669 1892 1896 2553 1224 850 1632 3548 1392 1125 2934 664 2368 2468 1601 3693 2532 1065 2152 1179 4003 2472 2822 2057 1896 614 1594 1650 1920 741 2631 794 2453 2032 2101 2867 1402 583 2504 1896 777 2258 0.0 2571 3504 1702 2256 3237 2444 1152 
9902 3141 2759 799 3257 1736 2562 2338 4261 3307 1903 4699 2132 1935 2036 3313 3063 2220 1742 2100 1806 1968 4515 3311 2846 799 2529 2879 3362 3632 2159 4886 2940 4487 2821 2110 3511 1554 3255 4464 799 2489 4259 2671 0.0 3633 2762 4186 3553 2286 2863 
6829 1022 2012 4042 906 2361 2693 2020 1685 3204 2498 2826 2895 1773 1672 2800 644 2336 2997 1645 2543 1868 2643 776 2255 4042 3056 2409 2715 2933 4176 3014 3372 2615 2229 1659 639 3523 4018 2591 4042 2740 2387 3435 3722 0.0 2254 2314 186 1605 2515 
8476 1601 479 2540 1486 1129 676 854 1941 950 990 1745 1175 2325 2301 546 3081 1879 1468 1499 1084 3753 1284 1755 573 2540 1045 215 461 679 2577 1442 1361 1264 548 1448 1799 2046 2600 1315 2540 750 1069 1836 2615 2437 0.0 1067 2623 1789 329 
8367 1674 683 3159 1558 1707 1462 1102 1186 1585 1587 730 1804 2332 2308 1181 2972 2329 2033 1949 1681 3947 506 1727 647 3159 1813 964 776 993 3211 918 2596 519 621 1899 1690 2656 3236 495 3159 1536 250 2470 3212 2327 808 0.0 2514 2227 1217 
6912 1105 2095 4019 989 2444 2777 2103 1768 3287 2581 2910 2979 1732 1631 2883 603 2294 3080 1603 2626 1827 2726 859 2338 4019 3139 2492 2799 3016 4259 3097 3455 2698 2313 1618 722 3607 4102 2675 4019 2823 2470 3518 3681 194 2337 2397 0.0 1564 2598 
7768 1007 1500 2571 1123 1278 1809 1283 2127 2648 1415 2933 1813 289 188 2244 1466 737 1914 311 1460 1974 2750 1177 1743 2571 2171 1824 2204 2421 3093 3121 2487 2722 1718 321 1377 2260 2936 2698 2571 1855 2494 2352 2232 1499 1742 2421 1419 0.0 1728 
8858 1984 861 2210 1868 1242 346 1041 2132 1008 1102 1937 845 2707 2104 604 3152 1991 1368 1611 1197 3881 1475 2137 955 2210 715 597 653 923 2248 1634 1031 1456 930 1560 2182 1716 2090 1507 2210 420 1261 1507 2727 2819 705 1259 2696 1901 0.0 
