-1.51379 47.2467 -1.5138036 47.2466532 302962420
1
100 
50
23 10 7 10 -1.5469 47.2116 -1.5469039 47.2113974 292734481
17 5 9 12 -1.54935 47.212 -1.5498706 47.2117678 279635052
16 10 7 10 -1.53578 47.2156 -1.5355947 47.2156249 1556271482
26 5 14 17 -1.56394 47.2138 -1.5640822 47.2138552 296945184
28 5 16 20 -1.55518 47.2186 -1.5551908 47.2186752 335605754
20 5 7 10 -1.55169 47.2166 -1.5514806 47.2163046 3141438537
17 10 12 14 -1.55924 47.2229 -1.5592123 47.2231514 287952514
18 5 7 10 -1.53465 47.2079 -1.5344732 47.2075898 3124343266
20 5 14 17 -1.5346 47.2198 -1.5344648 47.2196795 315770088
24 5 12 14 -1.56466 47.2129 -1.5644725 47.212677 296945176
31 5 7 12 -1.55136 47.2235 -1.5507265 47.2238569 302423520
32 5 7 12 -1.53735 47.22 -1.5370046 47.2201531 4450393698
2 5 16 20 -1.57388 47.2203 -1.5735501 47.220331 286359236
15 10 7 10 -1.56519 47.2126 -1.5649336 47.2122435 296394115
28 10 7 12 -1.56762 47.2168 -1.5673335 47.2168385 294029971
24 5 7 12 -1.57471 47.2205 -1.5747876 47.2205459 3164523484
3 10 7 10 -1.55423 47.2293 -1.554468 47.2294378 290027759
39 10 7 12 -1.56191 47.2207 -1.5619707 47.2208756 566734407
15 5 12 14 -1.5484 47.2023 -1.5483481 47.2021997 360242913
30 10 6 9 -1.54827 47.2051 -1.5480813 47.2050942 360242871
21 10 7 10 -1.55956 47.2256 -1.5595577 47.2257317 285972441
19 5 7 10 -1.55559 47.2174 -1.5555502 47.2171345 2483837221
7 5 6 9 -1.5635 47.2208 -1.563056 47.2209044 1572925165
10 10 9 12 -1.55938 47.2096 -1.5589808 47.209511 292328153
16 10 9 12 -1.53353 47.2197 -1.5330055 47.2197715 1968204000
33 5 7 10 -1.55834 47.2162 -1.558366 47.2155435 315857226
10 5 9 12 -1.55215 47.204 -1.5519306 47.2039936 3389149395
27 5 16 20 -1.566 47.2041 -1.56588 47.2041241 2870930675
40 10 6 9 -1.57034 47.227 -1.5703698 47.2267284 286348515
8 5 6 9 -1.5585 47.2049 -1.5585581 47.2048875 360697036
2 10 9 12 -1.54438 47.2021 -1.5442351 47.2020951 6030108044
14 10 9 12 -1.53734 47.2143 -1.5373496 47.2142184 1942485302
41 5 7 10 -1.55899 47.2122 -1.5591216 47.2120003 292672036
15 10 14 17 -1.56516 47.2173 -1.5648389 47.2169626 287431468
19 5 16 20 -1.55091 47.2102 -1.5504649 47.2095098 292842827
37 10 6 9 -1.54707 47.2106 -1.5471721 47.2103269 3121942015
27 5 7 12 -1.55323 47.2025 -1.55383 47.2021736 360697053
40 5 7 12 -1.56121 47.2192 -1.5611989 47.2191716 288118675
34 10 7 12 -1.55914 47.2063 -1.5590328 47.2060918 279634890
11 10 14 17 -1.57345 47.2086 -1.573089 47.208788 309249458
26 10 6 9 -1.55042 47.2189 -1.5503685 47.2190188 281121875
22 5 12 14 -1.54454 47.2111 -1.5446902 47.2112025 653134305
9 10 7 10 -1.55157 47.2208 -1.5514647 47.2209031 290215540
36 5 16 20 -1.55789 47.2236 -1.5587943 47.2248437 1568181033
39 5 9 12 -1.54829 47.2051 -1.5484486 47.2049957 341809734
33 5 7 10 -1.55496 47.2296 -1.5546904 47.2293574 291910777
22 5 14 17 -1.56345 47.2305 -1.5633716 47.230295 286348534
22 5 12 14 -1.5433 47.2182 -1.5435166 47.218351 336121914
12 10 7 10 -1.55349 47.2205 -1.5528605 47.2208782 303172101
6 10 9 12 -1.57379 47.2103 -1.57364 47.2105639 309249474
0.0 573 582 458 589 467 457 497 579 405 593 362 417 533 598 580 566 397 529 656 610 464 477 542 597 389 508 633 674 478 628 664 482 558 563 576 561 650 521 638 695 402 536 419 472 612 403 440 414 423 686 
559 0.0 42 104 224 186 165 293 167 207 218 278 237 342 223 290 347 360 258 147 101 273 165 269 127 191 173 124 205 347 159 155 95 159 244 74 21 142 234 178 270 214 28 247 264 103 346 315 166 228 261 
587 47 0.0 152 186 148 127 255 191 255 180 248 285 304 185 252 309 322 220 147 101 235 127 231 136 239 135 124 204 309 158 155 143 121 206 53 69 141 196 177 263 176 76 209 226 103 308 277 179 190 255 
454 114 141 0.0 261 246 209 351 120 103 255 290 133 381 260 329 387 368 318 197 151 331 225 328 158 87 233 174 254 386 209 205 24 195 292 123 102 191 294 227 301 258 77 305 323 153 385 373 178 287 292 
601 221 185 253 0.0 146 165 244 292 335 51 242 355 159 56 107 164 316 143 199 201 228 125 140 97 340 84 174 214 164 169 243 244 59 70 175 199 193 121 178 153 181 196 203 220 199 301 261 237 185 145 
460 211 173 266 151 0.0 68 106 301 246 156 99 241 233 160 197 255 173 111 245 210 86 41 123 168 257 70 220 260 215 215 264 257 127 144 162 208 239 102 224 258 67 215 60 78 212 159 128 151 42 249 
468 154 134 198 149 62 0.0 141 261 202 154 131 222 265 158 213 270 208 146 206 171 121 67 159 144 220 96 182 222 250 176 226 189 119 167 124 169 201 138 186 255 48 147 95 113 174 194 163 100 77 247 
501 289 251 347 169 145 154 0.0 379 331 199 141 326 175 204 163 208 212 52 318 289 125 149 65 216 343 164 293 330 163 287 343 338 175 110 241 286 312 68 297 263 153 301 135 117 291 198 167 237 117 246 
578 169 196 123 305 287 264 394 0.0 226 299 345 256 426 304 374 431 442 359 132 115 374 266 370 214 210 274 138 220 430 174 101 102 240 336 143 157 155 335 196 337 313 132 348 365 117 447 416 233 329 328 
416 232 258 117 335 254 199 321 238 0.0 340 193 29 448 344 399 456 265 326 315 269 301 254 338 276 18 282 292 372 430 326 323 141 288 353 241 220 309 317 345 419 188 195 216 293 271 282 343 108 220 410 
625 245 209 277 24 170 189 269 316 359 0.0 266 379 173 42 98 179 340 167 223 225 252 149 164 121 364 108 198 207 178 193 267 268 83 93 199 223 217 145 202 140 205 220 227 244 224 326 275 261 209 131 
360 287 263 290 242 134 138 162 391 202 246 0.0 196 289 251 253 310 99 166 335 300 142 138 179 258 213 160 311 351 271 305 355 314 218 200 253 298 330 158 315 348 84 280 56 133 303 116 184 125 60 336 
415 268 294 153 371 252 235 319 274 65 376 191 0.0 446 381 410 468 263 324 351 305 299 261 336 312 76 293 328 408 428 362 359 177 324 357 277 256 345 315 381 455 187 231 214 291 307 280 341 144 218 446 
553 302 263 347 114 190 210 222 385 404 145 247 399 0.0 145 47 72 280 121 293 295 198 169 94 191 416 168 268 262 78 262 337 338 153 72 253 293 287 124 263 186 225 290 241 206 293 266 175 309 223 169 
625 242 206 274 81 170 188 273 313 356 57 266 379 182 0.0 99 188 340 182 220 222 253 149 179 118 361 108 195 164 187 181 264 265 80 102 195 220 214 162 165 97 205 217 227 245 220 326 284 258 209 88 
561 255 216 300 67 143 163 187 338 357 98 200 352 84 98 0.0 89 267 86 246 248 179 122 83 144 369 121 221 215 89 215 290 291 105 25 206 246 240 77 216 148 178 243 194 175 246 253 186 262 176 131 
565 313 275 359 126 202 221 234 397 416 157 259 411 11 157 58 0.0 292 133 305 306 210 181 106 203 428 180 280 274 90 274 349 350 164 83 265 305 299 136 275 198 237 301 253 218 305 278 187 321 235 180 
395 367 333 402 297 204 212 128 461 313 316 154 308 241 321 288 274 0.0 181 406 371 108 208 194 329 325 230 381 421 186 375 425 402 288 239 323 368 400 197 385 392 195 360 166 100 373 16 100 273 170 375 
490 278 240 336 154 134 142 101 368 320 185 129 315 143 189 143 176 180 0.0 306 277 93 138 33 205 332 153 282 315 131 276 332 327 164 95 230 275 301 53 286 248 141 290 123 89 279 166 135 225 105 231 
663 146 148 208 203 225 204 332 142 311 197 324 341 323 202 271 329 399 282 0.0 53 312 204 292 112 295 196 24 117 328 72 44 199 137 234 95 124 41 257 94 234 253 150 285 303 41 385 354 266 267 226 
626 109 111 171 201 202 181 308 115 274 195 301 304 322 200 270 327 375 274 46 0.0 288 181 284 110 258 189 23 116 327 70 66 162 136 233 58 87 40 249 92 233 230 113 262 280 2 361 330 243 244 224 
458 275 241 318 201 112 120 32 369 298 224 106 293 184 229 196 217 87 85 313 278 0.0 116 98 236 310 138 289 329 129 283 333 309 196 142 231 276 308 101 293 295 119 267 101 8 281 73 42 203 83 278 
481 197 158 253 143 21 55 127 287 239 147 120 234 254 152 211 268 194 132 231 196 107 0.0 144 159 251 61 206 246 236 200 250 244 118 165 148 194 225 123 210 249 60 202 81 99 198 180 149 145 63 240 
517 269 231 327 134 158 169 128 359 347 165 156 342 110 170 110 143 207 27 298 268 120 137 0.0 196 359 144 273 296 112 267 323 318 155 76 221 266 292 42 277 229 168 292 150 116 271 193 162 252 132 212 
610 123 130 155 109 160 150 267 210 258 103 259 288 229 107 174 234 334 187 117 119 247 139 198 0.0 243 102 93 133 234 87 161 146 43 140 96 102 112 163 97 142 192 98 220 238 118 320 289 212 202 134 
407 218 246 104 330 256 194 336 225 15 334 208 45 445 339 394 451 281 340 302 255 315 249 353 262 0.0 277 278 359 444 313 310 128 283 348 228 206 296 332 332 405 204 182 231 307 258 297 357 102 235 396 
518 173 134 230 81 66 100 165 263 281 86 158 280 201 90 150 207 232 126 200 172 145 62 137 98 296 0.0 175 215 206 169 226 221 57 106 124 170 194 102 179 188 106 196 119 137 174 218 187 180 101 179 
646 129 132 191 178 200 180 307 135 294 172 300 324 299 177 247 304 374 257 24 36 287 179 268 87 278 171 0.0 93 304 47 68 182 113 210 78 108 18 233 69 210 228 133 261 279 25 360 329 242 243 201 
719 230 232 292 244 271 250 378 237 391 220 371 422 332 225 249 337 445 328 126 138 358 250 329 158 379 242 102 0.0 337 70 170 283 184 252 179 209 121 304 92 195 299 234 332 350 127 431 400 313 314 186 
474 357 318 402 169 231 240 151 441 417 200 226 412 55 200 102 88 201 141 348 350 119 224 114 246 429 223 323 317 0.0 317 392 393 208 127 308 348 342 157 318 241 239 345 221 127 348 187 96 323 203 224 
669 179 182 241 198 220 200 327 186 341 188 320 371 299 192 216 305 394 277 76 87 307 199 288 107 329 192 51 45 304 0.0 120 232 133 219 128 158 70 253 22 162 248 183 281 299 76 380 349 262 263 154 
652 135 138 197 244 228 207 334 110 300 238 327 330 364 243 312 370 401 300 49 42 314 207 310 153 284 215 65 158 369 113 0.0 188 179 275 84 114 82 275 135 276 256 139 288 306 44 387 356 260 270 267 
475 108 135 21 255 240 203 345 96 124 249 284 154 375 253 323 380 380 312 191 145 325 219 322 152 108 227 168 248 380 202 197 0.0 189 286 117 96 185 287 221 295 252 71 299 316 147 397 367 171 280 286 
569 164 128 196 65 116 107 223 235 278 59 216 308 185 64 133 191 290 144 142 144 203 95 154 40 283 58 117 157 190 112 186 187 0.0 96 118 142 136 119 121 145 148 139 177 195 143 276 245 177 159 136 
543 253 215 304 72 142 161 181 343 356 103 182 351 105 102 53 110 254 80 250 252 167 121 77 149 368 126 226 220 110 220 294 295 110 0.0 205 250 245 59 221 153 177 247 177 159 251 240 207 261 159 136 
592 67 53 141 181 143 123 250 138 244 175 243 274 299 180 247 305 317 216 93 47 230 122 226 94 228 131 70 150 304 105 101 132 116 202 0.0 45 87 191 123 237 171 71 204 222 49 303 272 185 186 228 
556 21 55 101 218 196 175 303 164 204 212 275 234 338 216 286 343 370 268 126 80 282 175 279 124 188 183 103 183 343 137 134 92 152 249 52 0.0 120 244 156 267 224 25 256 274 82 356 324 163 238 258 
661 144 146 206 201 223 202 330 150 309 195 323 339 321 200 269 327 397 280 39 51 310 202 290 110 293 194 22 115 326 70 82 197 136 232 93 122 0.0 255 92 233 251 148 283 301 40 383 352 265 265 224 
508 269 230 326 139 152 160 126 359 338 170 147 333 145 175 133 178 205 24 297 268 118 137 35 195 350 143 272 301 147 267 322 317 155 80 220 266 291 0.0 276 233 159 292 142 114 270 191 160 243 123 216 
656 180 177 241 185 207 187 314 201 328 179 307 358 301 184 218 306 381 264 100 111 294 186 275 94 329 179 75 64 306 48 144 232 120 217 128 158 94 240 0.0 164 236 184 268 286 101 367 336 249 250 156 
703 260 260 292 164 258 265 334 339 395 145 343 425 210 150 146 198 414 233 229 241 326 237 230 137 380 196 205 156 236 173 273 283 157 160 233 239 223 220 156 0.0 293 235 315 319 230 400 333 332 297 29 
420 205 184 248 186 65 54 145 311 178 191 82 173 272 195 236 293 172 149 257 221 124 74 162 194 190 106 232 272 253 226 276 239 156 182 174 219 251 141 236 293 0.0 197 59 116 224 188 166 84 63 284 
530 40 67 75 201 200 169 307 139 178 195 250 208 321 200 269 327 346 273 137 91 287 179 283 98 163 188 114 194 326 149 145 66 136 232 64 28 131 248 167 241 217 0.0 261 279 93 360 329 137 243 232 
442 234 213 277 210 89 81 141 341 201 215 104 196 268 219 232 289 194 145 286 251 121 98 158 221 213 130 261 301 250 255 305 268 180 179 203 249 280 137 265 317 29 226 0.0 112 253 194 163 106 69 308 
459 267 233 310 197 104 112 28 361 290 216 98 284 192 221 191 225 95 81 305 270 8 108 93 228 301 130 280 320 137 275 324 301 187 138 222 268 299 97 284 291 111 259 93 0.0 272 81 50 195 75 274 
624 107 109 169 199 200 179 306 113 272 193 299 302 320 198 268 325 373 272 44 14 286 179 282 108 256 187 20 114 325 68 63 160 134 231 56 85 38 247 90 231 228 111 260 278 0.0 359 328 241 242 222 
401 353 319 397 283 190 198 114 447 330 302 140 325 258 307 278 291 16 167 392 357 94 194 180 315 342 216 367 407 203 361 411 388 274 225 309 354 386 183 371 378 181 346 152 86 359 0.0 117 259 156 361 
416 317 283 360 243 154 162 74 411 340 266 148 335 142 271 189 175 123 127 355 320 42 158 140 278 352 180 331 371 87 325 375 351 238 184 273 318 350 143 335 328 161 309 143 50 323 109 0.0 245 125 311 
408 161 167 205 240 166 104 235 268 127 245 112 133 356 249 304 361 209 240 275 240 215 159 253 213 145 187 251 291 344 245 291 196 197 258 193 178 270 232 255 340 103 154 130 207 242 225 257 0.0 134 331 
417 236 202 280 181 73 81 101 330 219 185 57 214 228 190 192 249 147 105 275 239 81 77 118 198 231 99 250 290 210 244 294 271 157 139 192 237 269 97 254 287 47 229 18 73 242 154 123 124 0.0 275 
674 263 263 295 135 235 255 304 342 398 134 313 428 180 139 117 169 384 203 232 243 297 214 200 139 382 185 207 158 206 175 276 286 158 131 235 241 226 190 159 36 270 238 296 290 232 370 303 334 278 0.0 
0.0 5624 6240 4448 6354 5414 5324 5952 5600 3987 6381 4532 4129 6900 6406 7552 7068 4795 5924 7039 6397 5647 5479 6012 6506 3856 5751 6718 7700 6134 7126 7108 4724 6128 6199 6307 5562 6957 5852 7037 7154 4868 5355 5021 5762 6427 4847 5649 4972 5055 7178 
5532 0.0 311 1118 1774 1412 1278 2486 1495 1991 1718 2299 2241 3186 1743 2524 2939 3093 2040 1566 925 2352 1237 2127 1508 1861 1341 1246 2127 3325 1554 1636 967 1252 1929 505 120 1485 1835 1455 2698 1657 215 1914 2238 955 2976 2936 1362 1764 2722 
6385 317 0.0 1435 1486 1125 991 2199 1998 2309 1430 1953 2559 2899 1456 2237 2652 2806 1752 1587 945 2065 950 1840 1105 2179 1053 1267 2148 3038 1574 1656 1285 965 1642 358 438 1506 1548 1476 2152 1370 533 1627 1951 975 2689 2648 1453 1477 2176 
4414 1176 1433 0.0 2997 2442 2006 3374 1152 873 2941 2681 1123 4454 2967 3792 4207 3274 3069 2590 1949 3240 2267 3156 2164 743 2370 2270 3151 4593 2578 2660 276 2475 3268 1529 1114 2509 2864 2479 3354 2385 907 2802 3126 1979 3398 3824 1744 2652 3377 
6451 2018 1437 2881 0.0 1131 1295 1912 2923 2769 345 1927 3054 1718 371 1056 1471 2808 1143 2072 1871 2067 956 1119 748 3624 610 1728 2279 1857 1705 2640 2730 439 533 1440 1897 1991 959 1616 1119 1425 2049 1601 1952 2069 2691 2830 1890 1451 1142 
5342 1653 1363 2492 1216 0.0 569 1073 3006 2234 1243 827 2189 2113 1269 1861 2276 1680 928 2553 1954 939 341 1017 1378 2330 584 2209 2760 2353 2186 2665 2342 1038 1204 1367 1668 2472 856 2097 2017 561 1795 501 825 1984 1564 1523 1260 351 2040 
5404 1220 1042 1922 1163 519 0.0 1367 2300 1685 1190 1064 2007 2611 1215 1949 2364 1974 1222 2232 1633 1233 523 1311 1244 1835 765 1887 2438 2647 1865 2344 1772 937 1354 1046 1347 2150 1151 1776 1963 379 1225 796 1119 1663 1858 1817 838 645 1987 
5690 2300 2010 3334 1321 1214 1283 0.0 3653 2947 1591 1175 2903 1625 1616 1576 1793 2004 440 3083 2601 1263 1248 529 1759 3044 1332 2739 2824 1383 2717 3312 3183 1420 919 2014 2315 3002 572 2627 2199 1275 2509 1124 1149 2631 1888 1847 1974 974 2148 
5517 1752 2010 1103 3363 2946 2583 4020 0.0 1977 3307 3258 2227 4820 3332 4158 4573 4100 3574 1579 1497 3886 2771 3661 2568 1846 2875 1819 2762 4958 2189 1091 852 2841 3634 1776 1690 2058 3369 2375 3669 2962 1484 3448 3772 1527 4510 4470 2321 3298 3693 
4763 2211 2026 1035 2719 2300 1661 3046 2188 0.0 2746 1818 249 4086 2771 3505 3920 2384 2901 3626 2984 2912 2087 2989 3199 149 2321 3306 4187 4326 3613 3695 1312 2437 2910 2565 2149 3545 2829 3515 4389 1754 1943 1982 2798 3014 2525 3496 881 2016 4413 
6585 2152 1571 3015 134 1266 1429 2047 3057 2904 0.0 2061 3188 1750 238 679 1504 2942 1278 2206 2005 2201 1091 1253 882 3758 744 1862 1612 1889 1839 2774 2864 573 643 1574 2031 2125 1094 1750 986 1559 2183 1735 2087 2204 2825 2863 2024 1585 1010 
4514 2327 2117 2700 1970 1119 1151 1537 3760 1907 1997 0.0 1863 2577 2022 2324 2739 868 1392 3306 2708 1403 1153 1480 2131 2004 1337 2962 3513 2817 2939 3419 2977 1791 1667 2120 2422 3225 1320 2850 2770 703 2332 473 1288 2737 1009 1986 1049 506 2896 
4748 2511 2325 1335 3019 2285 1961 3031 2488 542 3046 1802 0.0 4071 3071 3818 4233 2369 2886 3926 3284 2897 2350 2974 3499 639 2622 3606 4486 4311 3913 3995 1612 2737 3161 2864 2449 3844 2814 3815 4689 1739 2243 1967 2782 3314 2510 3480 1181 2001 4713 
6980 2725 2435 4020 1183 1902 2066 1827 4062 3869 1484 2325 3825 0.0 1411 652 609 2849 1059 3211 3010 2180 1727 832 1887 3965 1682 2867 2575 897 2844 3779 3869 1576 918 2439 3036 3130 1306 2510 1922 2196 3188 2274 2294 3208 2732 1870 2864 2124 1687 
6631 2173 1592 3037 504 1312 1456 2353 3079 2925 370 2107 3234 1815 0.0 682 1569 2960 1374 2228 2026 2219 1137 1349 904 3780 790 1884 1373 1954 1570 2796 2886 595 708 1596 2053 2146 1207 1309 747 1605 2205 1782 2105 2225 2844 2927 2045 1631 771 
6187 2073 1783 3368 531 1250 1414 1494 3410 3217 832 1673 3172 1097 759 0.0 850 2205 725 2559 2358 1464 1075 701 1235 3313 1030 2215 1922 1236 2192 3127 3217 923 265 1787 2384 2477 654 1858 1297 1544 2536 1622 1407 2556 2088 2209 2212 1472 1246 
7078 2823 2533 4118 1281 2000 2164 1925 4160 3967 1582 2423 3923 97 1509 750 0.0 2947 1156 3309 3108 2278 1825 930 1985 4063 1780 2965 2673 995 2942 3877 3967 1673 1016 2537 3134 3228 1404 2608 2020 2294 3286 2372 2392 3306 2830 1968 2962 2222 1785 
4764 3167 2875 3409 2407 1877 1947 1085 4518 2617 2755 1288 2572 2879 2780 3531 3047 0.0 1526 4065 3466 951 1912 1614 2889 2713 2095 3720 4271 2114 3698 4177 3719 2550 2005 2879 3180 3983 1657 3608 3284 1627 3172 1385 837 3496 140 909 2272 1418 3234 
5596 2206 1916 3240 1196 1120 1189 768 3559 2853 1497 1081 2809 1353 1523 1279 1520 1479 0.0 2989 2507 738 1154 256 1665 2950 1238 2645 2700 1110 2623 3218 3089 1326 795 1920 2221 2908 447 2533 2074 1181 2415 1030 681 2537 1362 1321 1880 880 2023 
6937 1520 1559 2523 2120 2329 2195 3403 1616 3396 2064 3157 3646 3577 2089 2915 3330 4010 2759 0.0 741 3269 2154 2846 1325 3266 2055 342 1520 3715 946 568 2372 1598 2391 1201 1399 581 2554 1132 2426 2574 1614 2831 3155 574 3893 3853 2715 2681 2450 
6417 1000 1039 2003 2098 1851 1717 2925 1391 2876 2042 2679 3126 3555 2068 2893 3308 3532 2478 641 0.0 2791 1676 2565 1303 2746 1779 321 1498 3694 924 864 1852 1577 2370 681 879 560 2273 1110 2404 2096 1094 2353 2676 29 3415 3374 2237 2202 2428 
5740 2444 2152 3147 1626 1154 1224 304 3795 2888 2032 1105 2844 2179 2057 1881 2347 741 745 3342 2743 0.0 1189 834 2166 2984 1372 2997 3548 1413 2975 3454 2996 1827 1224 2156 2457 3260 877 2885 2504 1215 2449 1065 114 2773 624 583 1914 914 2453 
5533 1497 1208 2383 1144 175 460 1248 2851 2180 1171 1002 2135 2288 1197 1939 2354 1855 1103 2397 1798 1114 0.0 1192 1306 2276 512 2053 2604 2528 2030 2509 2232 966 1379 1211 1512 2316 1031 1941 1945 507 1685 676 1000 1828 1739 1698 1206 526 1968 
5822 2135 1845 3169 1035 1312 1415 994 3488 3079 1337 1307 3035 1096 1362 1022 1264 1705 226 2919 2436 964 1137 0.0 1595 3176 1167 2575 2539 1122 2552 3147 3019 1255 634 1849 2150 2838 359 2463 1913 1407 2365 1256 907 2466 1588 1547 2106 1106 1863 
6546 1269 1272 2132 883 1332 1288 2406 2240 3006 827 2160 3256 2340 853 1450 2093 3013 1522 1389 1188 2272 1157 1610 0.0 2876 818 1045 1596 2479 1022 1957 1982 362 1155 1150 1149 1308 1317 933 1189 1576 1301 1834 2157 1386 2896 2855 1808 1683 1213 
4047 2099 2357 923 2673 2134 1614 2982 2076 130 2699 1948 380 4120 2725 3459 3874 2530 2837 3514 2872 2848 2040 2926 3087 0.0 2275 3194 4074 4262 3501 3583 1200 2390 2864 2452 2037 3432 2765 3403 4277 1885 1831 2113 2734 2902 2655 3432 834 2146 4301 
5831 1335 1046 2370 632 552 837 1562 2689 2322 659 1317 2513 2089 684 1427 1842 2170 1045 2117 1636 1429 517 1133 793 2654 0.0 1773 2324 2228 1751 2347 2219 454 865 1049 1351 2036 841 1661 1432 885 1566 991 1314 1666 2053 2012 1474 840 1456 
6703 1286 1326 2289 1777 1986 1852 3060 1677 3163 1721 2814 3413 3234 1747 2572 2987 3667 2416 344 507 2926 1811 2503 982 3032 1712 0.0 1177 3372 603 912 2139 1255 2048 967 1165 262 2211 789 2083 2232 1380 2488 2812 341 3550 3510 2372 2338 2107 
8161 2358 2397 3361 1984 2890 2756 3964 2811 3934 1849 3718 4184 3351 1875 2218 3105 4571 3320 1610 1773 3830 2715 2885 1886 4104 2616 1265 0.0 3490 827 2178 3210 2159 2244 2039 2237 1528 3115 1013 1770 3135 2452 3392 3716 1607 4454 4414 3276 3242 1794 
6083 3491 3201 4786 1949 2437 2507 1587 4828 4171 2250 2388 4127 765 2177 1417 933 1952 1228 3977 3775 1283 2493 1002 2653 4267 2448 3633 3340 0.0 3610 4545 4635 2341 1683 3205 3802 3895 1361 3276 2688 2498 3954 2348 1397 3974 1835 973 3197 2197 2452 
7498 1695 1734 2698 2018 2227 2093 3301 2148 3271 1558 3055 3521 3061 1584 1928 2814 3908 2657 947 1110 3167 2052 2744 1223 3441 1953 602 573 3199 0.0 1515 2547 1496 1953 1375 1574 865 2452 185 1479 2472 1789 2729 3053 944 3791 3751 2613 2579 1503 
6744 1327 1366 2330 2647 2178 2044 3252 1127 3204 2591 3006 3454 4104 2617 3442 3857 3859 2805 638 548 3118 2003 2893 1852 3073 2106 870 2047 4243 1473 0.0 2179 2125 2918 1008 1206 1108 2600 1659 2953 2423 1421 2680 3003 578 3742 3701 2525 2530 2977 
4665 1049 1307 251 2871 2315 1879 3247 876 1124 2815 2554 1374 4327 2840 3665 4080 3396 2942 2464 1822 3113 2140 3030 2037 994 2243 2144 3024 4466 2451 1967 0.0 2349 3142 1403 987 2382 2738 2353 3227 2259 781 2676 2999 1852 3537 3697 1617 2525 3251 
6240 1609 1028 2472 521 970 861 2043 2514 2361 465 1798 2611 1978 491 1316 1731 2651 1160 1663 1462 1910 795 1247 339 3215 456 1319 1870 2117 1296 2231 2321 0.0 792 1031 1488 1582 955 1207 1211 1214 1640 1472 1795 1661 2534 2493 1450 1321 1235 
6033 2000 1711 3350 513 1178 1341 1434 3392 3144 814 1518 3100 1318 741 657 1072 2347 666 2541 2340 1606 1003 641 1217 3241 1012 2197 1905 1457 2174 3109 3199 905 0.0 1714 2016 2460 499 1840 1279 1471 2518 1467 1492 2538 2231 2431 2139 1317 1228 
6441 422 358 1556 1531 1170 1036 2243 1639 2429 1475 1998 2679 2944 1500 2282 2697 2851 1797 1228 587 2109 995 1884 786 2299 1098 908 1789 3083 1216 1298 1405 1009 1687 0.0 301 1147 1592 1117 1976 1415 516 1672 1995 616 2734 2693 1556 1521 2000 
5531 120 359 1117 1799 1555 1421 2628 1494 1990 1743 2298 2240 3255 1768 2594 3009 3235 2182 1446 804 2494 1380 2269 1507 1860 1483 1126 2007 3394 1433 1515 966 1277 2070 384 0.0 1364 1977 1335 2697 1800 215 2057 2380 834 3119 3078 1361 1906 2721 
6908 1491 1531 2494 2091 2301 2167 3375 1882 3368 2035 3129 3618 3548 2061 2886 3301 3982 2730 549 712 3241 2126 2818 1296 3237 2026 314 1491 3687 917 1103 2343 1570 2363 1172 1370 0.0 2525 1103 2397 2546 1585 2803 3126 546 3865 3824 2687 2652 2421 
5629 2019 1729 3053 965 1153 1223 973 3372 2887 1266 1115 2842 1388 1291 1217 1556 1684 204 2803 2320 943 1021 292 1479 2983 1051 2458 2468 1415 2436 3031 2902 1139 563 1733 2034 2721 0.0 2347 1842 1214 2249 1064 886 2350 1567 1526 1913 913 1792 
7191 1516 1631 2519 1710 1920 1786 2993 2240 2963 1654 2748 3213 2953 1680 1820 2706 3601 2349 1120 1187 2859 1745 2436 915 3262 1645 775 717 3092 469 1688 2368 1189 1981 1197 1395 1038 2144 0.0 1372 2165 1610 2422 2745 1117 3484 3443 2306 2271 1396 
7525 2422 2144 3286 1437 2048 2186 2977 3561 4159 1106 3011 4409 1970 1131 1483 1872 3688 2209 2360 2524 2947 1873 2184 1153 4029 1526 2016 1381 2719 1578 2928 3135 1325 1492 2303 2302 2279 1991 1317 0.0 2341 2454 2517 2984 2357 3571 3692 2819 2367 247 
5025 1612 1435 2315 1485 545 455 1394 2693 1672 1512 685 1628 2434 1537 2181 2596 1434 1249 2624 2026 1260 611 1337 1637 1769 882 2280 2831 2674 2258 2737 2164 1259 1524 1438 1740 2543 1177 2168 2285 0.0 1618 494 1145 2055 1575 1843 699 527 2309 
5316 299 556 902 2126 1672 1408 2746 1279 1775 2070 2083 2025 3583 2095 2921 3336 2925 2300 1719 1078 2612 1497 2387 1292 1645 1601 1399 2280 3721 1706 1789 751 1604 2397 658 237 1638 2095 1608 2482 1788 0.0 2174 2498 1107 3236 3196 1146 2024 2506 
5214 1854 1677 2557 1662 722 677 1339 2935 1861 1689 873 1816 2379 1715 2127 2542 1622 1194 2866 2268 1205 788 1283 1776 1957 1059 2522 3073 2619 2500 2979 2406 1436 1470 1680 1982 2785 1122 2410 2463 241 1860 0.0 1091 2297 1830 1789 887 548 2486 
5505 2329 2038 3032 1569 1040 1109 248 3681 2773 1917 990 2729 2293 1943 1825 2461 855 689 3227 2628 114 1074 777 2052 2870 1258 2883 3434 1528 2860 3339 2881 1712 1168 2041 2343 3146 820 2771 2447 1101 2335 951 0.0 2658 738 697 1800 800 2396 
6387 970 1009 1973 2069 1821 1687 2895 1361 2847 2013 2649 3097 3525 2038 2863 3278 3502 2448 611 191 2761 1646 2536 1273 2716 1749 291 1468 3664 895 835 1822 1547 2340 651 849 530 2243 1080 2374 2066 1064 2323 2646 0.0 3385 3344 2207 2173 2398 
4816 3050 2758 3753 2290 1760 1830 968 4401 2757 2638 1172 2713 3020 2663 2545 3188 140 1409 3948 3349 834 1795 1498 2773 2854 1979 3604 4154 2254 3581 4060 3602 2433 1888 2762 3063 3866 1541 3492 3168 1510 3056 1268 720 3379 0.0 1050 2156 1302 3117 
5157 3027 2736 3730 2209 1738 1807 888 4379 3471 2615 1688 3427 1596 2641 2248 1763 1253 1329 3925 3326 583 1772 1417 2750 3568 1956 3581 4132 830 3558 4037 3579 2410 1808 2739 3041 3844 1460 3469 3518 1799 3033 1648 697 3356 1136 0.0 2498 1498 3283 
4931 1277 1268 1980 1925 1386 867 2149 2358 1042 1952 936 1091 3373 1978 2711 3126 1778 2004 2807 2208 2015 1293 2092 1819 1192 1527 2463 3014 3429 2440 2622 1829 1679 2116 1621 1489 2726 1932 2351 2867 857 1283 1085 1901 2238 1919 2599 0.0 1119 2891 
4990 1902 1610 2604 1463 612 681 1030 3253 2011 1490 476 1967 2070 1515 1817 2232 1225 885 2799 2201 896 646 973 1624 2108 830 2455 3006 2310 2432 2912 2454 1284 1160 1613 1915 2718 813 2343 2263 392 1907 150 781 2230 1520 1479 1037 0.0 2389 
7497 2536 2258 3400 1409 2332 2495 2730 3675 4273 1089 2983 4523 1723 1115 1235 1625 3440 1961 2474 2638 2699 2157 1936 1267 4143 1510 2130 1495 2471 1692 3042 3249 1314 1464 2417 2416 2393 1963 1431 372 2625 2568 2833 2956 2471 3323 3444 2933 2683 0.0 
