-1.53837 47.171 -1.5380095 47.1712029 634626179
1
100 
50
9 10 7 10 -1.56425 47.212 -1.5646666 47.2117554 292302287
21 10 6 9 -1.55944 47.2255 -1.5595577 47.2257317 285972441
4 10 9 12 -1.5508 47.2154 -1.5505279 47.2151655 1274615378
28 10 14 17 -1.57387 47.2147 -1.5739203 47.2146203 768217048
10 5 12 14 -1.57529 47.2199 -1.5754277 47.2206267 291356008
14 10 9 12 -1.55453 47.2072 -1.5550787 47.2073172 1550785745
13 5 7 10 -1.55562 47.2171 -1.5555502 47.2171345 2483837221
32 10 7 12 -1.55336 47.2176 -1.553389 47.2173327 266221349
4 10 6 9 -1.55423 47.2293 -1.554468 47.2294378 290027759
35 10 7 10 -1.53565 47.221 -1.5361017 47.2215143 297686608
6 10 14 17 -1.566 47.2041 -1.56588 47.2041241 2870930675
29 10 12 14 -1.546 47.2151 -1.545971 47.214878 253953251
31 10 7 10 -1.56927 47.2158 -1.5693571 47.2161123 315143068
15 10 7 10 -1.55441 47.2198 -1.5543526 47.2196642 290215827
27 5 14 17 -1.55924 47.2229 -1.5592123 47.2231514 287952514
13 10 7 10 -1.549 47.2101 -1.5489078 47.2100021 292734490
23 10 12 14 -1.56926 47.216 -1.5693571 47.2161123 315143068
36 10 7 10 -1.56877 47.2145 -1.5686938 47.2144329 315143067
19 5 14 17 -1.54337 47.2161 -1.5458926 47.2156752 1557674398
16 10 7 10 -1.55636 47.2138 -1.5567027 47.2135841 4988076365
4 5 9 12 -1.55956 47.2256 -1.5595577 47.2257317 285972441
16 5 9 12 -1.54648 47.213 -1.5464353 47.2133246 279635054
48 5 7 12 -1.56132 47.2186 -1.5609282 47.2188688 287431452
13 10 16 20 -1.56961 47.2191 -1.5698043 47.2191483 286359246
36 5 14 17 -1.55221 47.2205 -1.5523379 47.2204968 2607749004
30 5 16 20 -1.56312 47.2226 -1.5630826 47.2225484 289487109
18 10 7 10 -1.56733 47.214 -1.5673574 47.2138754 301893484
19 10 7 12 -1.55956 47.2256 -1.5595577 47.2257317 285972441
9 5 7 10 -1.57121 47.2128 -1.5715517 47.2128133 1658935844
32 5 9 12 -1.54914 47.2104 -1.5490318 47.2102313 652767045
9 10 16 20 -1.54285 47.2269 -1.5425873 47.2271465 277456640
16 5 16 20 -1.55483 47.2208 -1.5551268 47.2206216 286733315
26 10 7 12 -1.56133 47.2219 -1.5615269 47.2218853 292651767
40 5 16 20 -1.5484 47.2023 -1.5483481 47.2021997 360242913
5 10 6 9 -1.56546 47.2121 -1.5655209 47.2120357 292314348
24 5 7 12 -1.55137 47.2108 -1.5516039 47.2109427 292734442
32 10 9 12 -1.54243 47.2272 -1.5425873 47.2271465 277456640
8 5 6 9 -1.5554 47.2053 -1.5554992 47.2052056 789716785
23 5 7 10 -1.56635 47.2094 -1.5665749 47.2092555 305615914
15 5 9 12 -1.54628 47.2142 -1.5462513 47.2140712 292734347
11 10 7 12 -1.55874 47.2073 -1.5585759 47.207243 796929175
33 10 7 10 -1.54802 47.2124 -1.5481083 47.2125538 652722787
43 10 7 10 -1.54544 47.2137 -1.5453132 47.2138375 301256826
30 10 12 14 -1.53932 47.2063 -1.5392807 47.2064226 549836835
31 5 6 9 -1.54654 47.2106 -1.5450286 47.2111413 293255550
2 10 7 12 -1.56565 47.2042 -1.56588 47.2041241 2870930675
7 5 6 9 -1.54454 47.2111 -1.5446902 47.2112025 653134305
21 10 9 12 -1.55136 47.2235 -1.5507265 47.2238569 302423520
44 10 12 14 -1.555 47.2215 -1.5551167 47.2213703 289490502
29 5 7 12 -1.52956 47.2082 -1.529853 47.208173 272118332
0.0 586 659 534 642 692 433 552 562 746 674 487 531 649 589 679 449 649 623 535 538 659 519 617 634 611 677 610 659 609 454 722 605 661 369 580 451 722 425 536 535 467 502 538 435 481 487 484 672 619 472 
555 0.0 237 158 110 186 137 133 148 324 330 150 232 106 171 257 195 106 80 203 95 237 233 142 128 192 203 59 237 97 200 317 183 186 204 15 158 317 157 61 218 148 209 225 246 207 150 201 250 197 332 
642 245 0.0 138 223 247 246 116 103 87 260 329 284 210 68 32 251 210 193 254 169 0.0 238 97 189 90 96 192 0.0 246 256 175 73 69 313 238 209 175 266 273 223 280 260 223 318 270 329 267 106 51 405 
517 178 139 0.0 233 268 122 72 55 226 184 204 159 230 69 159 127 230 203 130 93 139 100 152 210 90 175 202 139 254 132 194 84 148 189 171 85 194 142 186 84 156 123 84 193 132 204 129 148 99 277 
631 120 247 221 0.0 113 217 164 179 334 361 206 301 46 202 255 269 46 30 271 175 247 301 134 92 223 186 50 247 42 273 332 217 169 280 113 226 332 237 117 287 204 277 294 326 287 206 281 263 208 413 
661 178 216 243 131 0.0 243 187 202 298 384 280 324 78 225 240 291 78 101 294 198 216 324 135 40 246 171 109 216 154 296 333 231 154 310 171 249 333 263 191 309 277 300 317 352 313 280 307 265 209 439 
418 153 248 123 219 259 0.0 140 150 335 291 82 174 215 178 268 102 215 189 144 104 248 172 190 201 199 251 176 248 196 107 317 193 234 67 147 99 317 20 123 160 34 150 167 117 134 82 137 261 207 204 
559 168 107 72 223 262 164 0.0 29 194 201 246 201 219 37 127 169 219 193 172 92 107 173 120 204 59 143 191 107 243 174 188 53 116 231 161 127 188 184 196 157 198 178 157 236 204 246 202 120 67 322 
560 185 108 43 240 271 165 48 0.0 195 182 247 202 233 38 128 170 233 210 173 100 108 143 121 212 59 144 209 108 261 175 169 53 117 232 178 128 169 185 208 128 199 167 128 236 175 247 172 121 68 320 
734 337 108 230 320 332 338 208 195 0.0 275 421 376 302 160 128 343 302 290 346 261 108 330 194 264 177 193 288 108 343 348 179 160 165 406 330 301 179 358 365 315 372 352 315 410 362 421 360 154 143 497 
641 369 272 191 411 435 308 234 201 236 0.0 381 230 397 214 292 246 397 381 208 284 272 224 285 377 198 308 379 272 432 251 95 217 281 324 362 271 95 319 360 209 342 248 209 268 206 381 204 164 232 239 
478 179 358 233 232 331 110 250 260 445 401 0.0 284 249 288 378 199 249 223 255 214 358 269 300 273 309 361 203 358 200 204 427 303 344 126 194 201 427 88 127 270 113 252 277 186 231 0.0 234 371 317 272 
523 221 227 88 286 323 151 147 144 283 162 234 0.0 282 157 247 133 282 256 14 148 227 52 212 265 179 263 254 227 288 138 190 173 236 206 214 90 190 171 215 36 185 75 44 152 91 234 88 186 187 193 
617 113 200 199 53 104 199 143 158 287 340 214 279 0.0 181 208 247 0.0 23 250 154 200 280 91 46 202 139 43 200 76 252 289 187 122 266 106 205 289 219 125 266 212 256 273 308 269 214 263 221 165 395 
586 195 70 69 208 232 190 66 34 157 191 273 228 195 0.0 90 196 195 178 198 119 70 169 83 174 21 106 177 70 231 200 151 15 79 258 188 153 151 210 223 154 225 193 154 262 201 273 199 82 29 346 
652 220 125 171 191 215 250 149 136 212 293 330 294 177 102 0.0 261 177 161 264 176 125 271 65 156 123 64 159 125 214 266 209 106 37 318 213 219 209 270 241 256 285 270 256 328 303 330 301 141 85 415 
464 234 268 143 300 337 132 161 171 355 258 204 114 296 198 288 0.0 296 270 113 161 268 80 226 279 219 286 268 268 296 4 304 214 270 147 227 59 304 142 223 91 166 57 99 139 47 204 50 281 228 223 
617 113 200 199 53 104 199 143 158 287 340 214 279 0.0 181 208 247 0.0 23 250 154 200 280 91 46 202 139 43 200 76 252 289 187 122 266 106 205 289 219 125 266 212 256 273 308 269 214 263 221 165 395 
605 90 218 191 30 130 187 134 149 305 331 191 271 48 172 232 239 48 0.0 241 145 218 271 104 72 193 163 20 218 52 243 302 187 146 254 83 196 302 207 102 257 189 247 264 296 257 191 251 233 178 383 
519 217 251 117 282 319 147 143 153 312 192 230 29 278 180 271 129 278 252 0.0 143 251 48 208 261 202 269 250 251 284 134 220 196 252 202 210 86 220 167 211 32 181 71 40 148 87 230 84 216 210 179 
501 145 172 63 200 235 106 65 76 259 247 189 143 196 102 192 111 196 170 114 0.0 172 144 124 177 124 185 168 172 220 116 246 118 168 173 138 69 246 126 167 129 140 120 137 178 159 189 162 185 132 264 
642 245 0.0 138 223 247 246 116 103 87 260 329 284 210 68 32 251 210 193 254 169 0.0 238 97 189 90 96 192 0.0 246 256 175 73 69 313 238 209 175 266 273 223 280 260 223 318 270 329 267 106 51 405 
499 228 262 137 294 331 159 154 165 349 246 239 94 290 192 282 85 290 264 64 155 262 0.0 220 273 213 280 262 262 291 90 285 207 263 182 221 74 285 177 218 15 193 23 18 126 41 239 45 275 222 210 
595 155 114 157 125 149 194 101 115 201 282 265 237 112 90 132 205 112 95 208 120 114 237 0.0 91 112 63 94 114 148 210 197 95 46 261 148 163 197 214 176 223 228 214 230 272 252 265 256 129 73 358 
621 138 182 203 91 71 203 147 161 264 343 240 283 38 184 206 251 38 61 254 158 182 283 95 0.0 206 137 68 182 114 256 293 190 120 270 131 209 293 223 151 269 237 260 276 312 273 240 267 224 169 398 
606 226 111 89 250 274 211 89 55 198 178 294 249 236 41 131 216 236 220 219 140 111 189 124 216 0.0 147 218 111 273 221 165 56 120 278 219 174 165 231 248 174 245 213 174 282 221 294 219 117 71 366 
683 251 61 187 222 245 282 165 152 148 309 362 325 208 117 69 293 208 192 296 207 61 287 96 174 139 0.0 190 61 245 298 224 122 68 349 244 250 224 302 273 272 316 302 272 360 319 362 316 155 99 446 
595 69 216 189 50 128 185 133 147 303 329 171 269 46 170 230 237 46 20 240 143 216 269 102 70 192 161 0.0 216 73 242 300 186 145 244 62 194 300 205 82 255 169 246 262 294 256 171 250 232 176 381 
642 245 0.0 138 223 247 246 116 103 87 260 329 284 210 68 32 251 210 193 254 169 0.0 238 97 189 90 96 192 0.0 246 256 175 73 69 313 238 209 175 266 273 223 280 260 223 318 270 329 267 106 51 405 
600 111 261 234 32 146 207 178 192 349 374 175 314 67 215 275 249 67 43 285 188 261 301 147 113 237 206 63 261 0.0 254 345 231 189 249 126 240 345 210 86 300 174 291 307 308 261 175 255 277 221 394 
487 229 263 138 295 332 155 156 166 350 291 227 137 291 193 283 86 291 265 108 156 263 75 221 274 215 281 263 263 297 0.0 328 209 265 170 222 55 328 165 224 86 189 52 94 164 80 227 83 276 223 250 
693 319 206 175 349 373 297 182 149 140 95 380 313 335 159 226 302 335 319 290 234 206 244 223 315 136 246 317 206 372 307 0.0 156 219 364 312 260 0.0 317 342 229 331 268 229 338 276 380 274 68 170 335 
604 207 54 100 193 217 209 78 65 141 222 291 246 179 31 74 214 179 163 217 131 54 200 67 159 52 90 161 54 216 219 138 0.0 63 276 200 171 138 229 236 185 243 223 185 281 232 291 230 70 14 367 
650 214 88 170 185 189 249 148 135 175 292 324 292 152 100 96 260 152 155 263 175 88 270 60 119 122 27 153 88 208 265 207 105 0.0 316 207 218 207 269 235 254 283 269 255 327 302 324 299 139 83 413 
351 216 312 187 272 323 63 204 214 399 340 117 207 279 241 332 115 279 253 201 168 312 185 254 265 263 314 240 312 239 120 381 257 298 0.0 211 116 381 55 167 200 98 167 203 101 147 117 150 324 271 159 
580 70 268 229 102 180 187 184 199 355 381 155 298 98 222 282 229 98 72 273 165 268 281 154 122 243 213 51 268 82 233 352 237 196 229 0.0 228 352 190 66 288 153 279 295 288 241 155 235 284 228 374 
432 174 208 83 240 277 100 101 111 295 252 172 113 236 138 228 42 236 210 84 101 208 74 166 219 160 226 208 208 242 47 278 154 210 115 167 0.0 278 110 169 85 134 51 93 109 89 172 93 221 168 195 
693 319 206 175 349 373 297 182 149 140 95 380 313 335 159 226 302 335 319 290 234 206 244 223 315 136 246 317 206 372 307 0.0 156 219 364 312 260 0.0 317 342 229 331 268 229 338 276 380 274 68 170 335 
411 163 291 166 217 302 43 183 193 378 334 62 217 233 221 311 132 233 207 188 147 291 202 233 244 242 294 187 291 184 137 360 236 277 59 178 134 360 0.0 111 203 48 185 210 119 164 62 167 304 250 205 
526 51 289 197 105 204 133 185 199 376 366 101 244 121 222 306 175 121 95 219 133 289 227 178 145 244 237 75 289 72 179 368 234 220 175 66 174 368 136 0.0 234 99 225 241 234 186 101 180 302 248 320 
515 224 258 133 289 326 154 150 160 345 252 237 89 285 188 278 101 285 259 60 150 258 15 215 268 209 276 257 258 291 105 280 203 259 197 217 89 280 174 218 0.0 188 38 25 133 56 237 60 270 217 217 
452 146 282 157 199 293 34 174 184 369 325 85 208 216 212 302 136 216 190 179 139 282 207 224 235 233 285 169 282 167 141 351 227 268 101 161 134 351 54 94 194 0.0 185 201 151 168 85 172 295 242 238 
483 220 254 129 286 323 150 146 156 341 249 223 86 282 184 274 73 282 256 56 147 254 23 212 265 205 272 254 254 287 78 276 199 255 166 213 51 276 161 215 34 185 0.0 42 145 53 223 57 267 213 229 
499 246 280 155 312 349 167 173 183 366 227 239 83 308 210 300 94 308 282 83 173 280 18 238 291 232 299 271 280 291 99 274 226 282 182 239 93 274 177 218 33 201 42 0.0 108 47 239 44 270 240 192 
410 305 360 233 360 411 152 252 262 428 289 206 144 368 290 380 150 368 342 159 253 360 161 318 353 311 378 328 360 328 154 335 305 361 105 299 151 335 143 255 176 186 163 179 0.0 121 206 118 331 319 86 
458 206 285 154 280 324 125 177 187 349 210 198 66 276 215 305 47 276 250 80 170 285 43 243 266 236 303 230 285 249 52 257 230 286 141 212 89 257 135 176 59 160 46 62 91 0.0 198 3 253 244 175 
478 179 358 233 232 331 110 250 260 445 401 0.0 284 249 288 378 199 249 223 255 214 358 269 300 273 309 361 203 358 200 204 427 303 344 126 194 201 427 88 127 270 113 252 277 186 231 0.0 234 371 317 272 
454 203 287 151 277 321 122 179 190 346 207 194 63 273 217 307 53 273 247 77 166 287 46 245 263 238 305 226 287 246 58 254 232 288 137 209 85 254 132 173 61 156 48 64 88 6 194 0.0 250 247 172 
664 267 142 151 281 304 268 138 122 99 164 351 306 267 90 162 273 267 251 276 191 142 250 155 246 67 178 249 142 304 278 68 87 151 335 260 231 68 288 295 235 302 274 235 340 282 351 280 0.0 101 403 
603 206 49 99 192 215 207 77 64 137 219 290 245 178 29 70 212 178 162 215 130 49 199 66 157 51 89 160 49 215 217 124 34 62 274 199 170 124 227 234 184 241 221 184 279 231 290 228 55 0.0 366 
457 338 394 266 394 445 185 286 296 461 227 239 178 402 324 414 183 402 375 189 287 394 195 352 387 345 412 362 394 361 188 323 339 395 152 333 185 323 177 289 210 220 197 213 83 154 239 152 365 353 0.0 
0.0 6819 7540 6320 7576 7975 5525 6425 6512 8281 7866 6214 6258 7462 6738 7674 5542 7462 7244 6422 6549 7540 5966 6996 7529 6916 7432 7084 7540 7251 5569 8086 6867 7359 4694 6834 5611 8086 5407 6555 6144 5774 5948 6068 5642 5816 6214 5843 7428 6988 5701 
6412 0.0 2130 1264 900 1660 1260 1048 1172 2871 2872 1290 1986 719 1360 2264 1877 719 501 1788 761 2130 1815 1144 1214 1539 1586 331 2130 727 1904 2819 1457 1513 2138 83 1325 2819 1538 479 1873 1205 1663 1949 2491 2165 1290 2115 2018 1578 3424 
7199 2147 0.0 1369 2049 2247 2463 1189 1080 741 2571 3548 2635 1920 792 304 2313 1920 1650 2437 1632 0.0 2122 850 1801 970 781 1634 0.0 2186 2341 1896 829 614 3342 2107 1974 1896 2741 2473 2038 2741 2312 2077 3296 2468 3548 2449 1105 641 4230 
5943 1345 1379 0.0 2032 2355 1207 571 463 2120 1511 2293 1379 1851 577 1513 1058 1851 1633 1181 748 1379 752 1270 1909 756 1404 1618 1379 1950 1085 1827 706 1237 2086 1306 719 1827 1485 1581 668 1485 905 708 1656 1098 2293 1080 1210 827 2548 
7197 989 2059 1961 0.0 960 1962 1516 1641 2800 3341 1945 2707 422 1829 2090 2386 422 398 2509 1464 2059 2537 1270 950 2008 1525 568 2059 405 2413 3134 1958 1452 2923 950 2047 3134 2241 1134 2595 1859 2384 2670 3194 2868 1945 2818 2343 1878 4127 
7632 1648 2327 2319 1429 0.0 2479 1875 1999 2996 3699 2722 3065 837 2187 1974 2744 837 1031 2867 1938 2327 2895 1400 461 2366 1410 1227 2327 1567 2771 3263 2186 1337 3358 1609 2405 3263 2757 1911 2953 2757 2742 3028 3711 3385 2722 3335 2472 2008 4644 
5152 1293 2438 1218 2117 2449 0.0 1323 1410 3179 2622 1085 1692 1936 1636 2572 888 1936 1719 1494 1023 2438 1312 1697 2003 1814 2132 1559 2438 1814 915 3046 1765 2059 878 1308 1032 3046 278 1118 1579 277 1369 1655 1500 1161 1085 1189 2326 1886 2433 
6254 1286 1114 605 1973 2305 1518 0.0 246 1855 1862 2604 1690 1792 312 1248 1369 1792 1574 1492 771 1114 1358 1005 1859 491 1139 1559 1114 1891 1396 1809 441 972 2397 1247 1030 1809 1796 1613 1274 1796 1367 1313 2352 1704 2604 1685 1002 562 3285 
6303 1410 1122 359 2097 2409 1567 394 0.0 1863 1699 2652 1739 2082 320 1256 1417 2082 1698 1541 813 1122 1112 1013 1963 498 1147 1682 1122 2014 1445 1646 449 979 2445 1370 1078 1646 1845 1689 1028 1845 1264 1067 2015 1458 2652 1439 1010 570 2907 
7922 2870 951 2092 2829 3302 3186 1912 1803 0.0 2299 4271 3358 3570 1515 1085 3036 3570 2431 3160 2355 951 2845 1631 3193 1475 1562 2415 951 2967 3064 1500 1338 1395 4065 2830 2697 1500 3464 3196 2761 3464 3035 2800 4019 3191 4271 3172 1288 1363 4953 
7515 2935 2671 1590 3760 3959 2760 2125 1858 2159 0.0 4261 2235 3632 1972 2805 2552 3632 3362 2124 2338 2671 1788 2562 3513 1832 2696 3346 2671 4594 2579 799 1998 2529 3700 2896 2272 799 3454 3898 1704 3038 1940 1743 2593 2036 4261 2017 1577 2119 2271 
5883 1568 3830 2611 2226 3055 1392 2715 2802 4571 4014 0.0 3084 2221 3028 3964 2151 2221 2004 2886 2415 3830 2575 3089 2609 3207 3524 1833 3830 1901 2178 4438 3157 3451 1610 1651 2220 4438 1063 1205 2972 1190 2557 3047 2312 2424 0.0 2452 3718 3278 3245 
6088 1881 2115 735 2651 2939 1550 1286 1199 2398 1357 2635 0.0 2470 1313 2249 1203 2470 2252 119 1332 2115 349 1857 2493 1491 2140 2069 2115 2619 1230 1827 1442 1973 2274 1842 864 1827 1828 1923 265 1828 502 340 1288 731 2635 712 1556 1563 1929 
7005 784 1637 1693 592 974 1853 1248 1373 2378 3073 1858 2439 0.0 1561 1667 2118 0.0 193 2241 1312 1637 2269 773 528 1740 1103 363 1637 729 2145 2637 1560 1030 2732 745 1779 2637 2131 1047 2327 1773 2116 2402 3084 2759 1858 2709 1846 1382 4018 
6478 1510 801 577 1890 2089 1742 552 288 1542 1778 2827 1914 1761 0.0 935 1592 1761 1492 1716 995 801 1330 692 1643 178 826 1476 801 2028 1620 1480 128 659 2621 1471 1254 1480 2020 1837 1246 2020 1483 1285 2234 1676 2827 1657 689 249 3126 
7057 1706 1263 1429 1744 1942 2205 1248 1139 2004 2630 2824 2493 1615 851 0.0 2171 1615 1345 2295 1440 1263 2182 546 1496 1029 476 1329 1263 1882 2199 1966 889 309 3083 1666 1832 1966 2483 2013 2097 2483 2170 2137 3154 2528 2824 2509 1175 711 4088 
5384 1741 2261 1041 2511 2799 1085 1146 1233 3002 2374 2130 885 2330 1459 2395 0.0 2330 2112 845 1192 2261 522 1717 2353 1637 2152 1929 2261 2448 27 2713 1587 2080 1570 1702 332 2713 1323 1752 645 1363 369 624 1139 331 2130 358 2149 1709 2031 
7005 784 1637 1693 592 974 1853 1248 1373 2378 3073 1858 2439 0.0 1561 1667 2118 0.0 193 2241 1312 1637 2269 773 528 1740 1103 363 1637 729 2145 2637 1560 1030 2732 745 1779 2637 2131 1047 2327 1773 2116 2402 3084 2759 1858 2709 1846 1382 4018 
6716 591 2032 1562 398 1237 1564 1118 1243 2773 2942 1664 2309 403 1431 1860 1987 403 0.0 2111 1066 2032 2138 871 791 1609 1296 170 2032 536 2015 2735 1559 1223 2443 551 1648 2735 1842 853 2196 1579 1986 2272 2795 2469 1664 2420 1944 1480 3728 
6054 1847 2367 934 2617 2905 1515 1252 1339 2596 1555 2601 198 2436 1565 2501 1168 2436 2218 0.0 1298 2367 315 1823 2459 1743 2258 2035 2367 2585 1195 2026 1693 2186 2239 1808 829 2026 1794 1889 230 1793 467 306 1254 697 2601 678 1754 1815 1810 
5812 1098 1654 502 1785 2108 1076 539 614 2395 2013 2162 1249 1604 852 1788 927 1604 1386 1050 0.0 1654 1078 1026 1662 1030 1462 1371 1654 1703 954 2261 980 1389 1955 1059 588 2261 1355 1376 1136 1354 925 1211 1910 1258 2162 1286 1542 1102 2843 
7199 2147 0.0 1369 2049 2247 2463 1189 1080 741 2571 3548 2635 1920 792 304 2313 1920 1650 2437 1632 0.0 2122 850 1801 970 781 1634 0.0 2186 2341 1896 829 614 3342 2107 1974 1896 2741 2473 2038 2741 2312 2077 3296 2468 3548 2449 1105 641 4230 
5867 1848 2368 1148 2618 2906 1517 1253 1340 3109 2285 2613 744 2437 1566 2502 481 2437 2219 545 1299 2368 0.0 1824 2460 1744 2260 2036 2368 2946 508 2571 1694 2187 2052 1809 489 2571 1806 2250 84 1795 152 102 1050 305 2613 333 2256 1816 1942 
6586 1191 1160 1276 1198 1396 1734 832 956 1901 2527 2278 2022 1069 748 1027 1701 1069 799 1824 970 1160 1852 0.0 950 926 462 783 1160 1336 1728 1863 786 389 2613 1151 1362 1863 2012 1467 1910 2012 1699 1985 2684 2032 2278 2059 1072 608 3617 
7170 1187 2164 1858 968 637 2018 1413 1538 2833 3238 2261 2604 376 1726 1720 2283 376 569 2406 1477 2164 2434 938 0.0 1905 1155 766 2164 1106 2310 2802 1725 1082 2897 1147 1944 2802 2296 1450 2492 2296 2281 2567 3249 2924 2261 2874 2011 1547 4183 
6687 1724 1125 743 2214 2413 1951 708 441 1866 1672 3036 2123 2085 323 1259 1801 2085 1816 1924 1127 1125 1496 1016 1967 0.0 1150 1800 1125 2352 1828 1619 452 983 2829 1685 1462 1619 2229 2003 1411 2229 1648 1451 2399 1842 3036 1823 945 573 3291 
7282 1931 534 1732 1969 2160 2430 1552 1443 1275 2934 3049 2718 1840 1155 564 2396 1840 1570 2520 1665 534 2485 771 1498 1333 0.0 1554 534 2107 2423 2259 1192 534 3308 1891 2057 2259 2708 2238 2401 2707 2395 2440 3379 2831 3049 2812 1468 1004 4312 
6747 420 2016 1547 568 1222 1548 1102 1227 2758 2927 1494 2293 387 1415 1845 1972 387 170 2095 1050 2016 2123 856 775 1594 1280 0.0 2016 706 1999 2720 1544 1207 2473 381 1633 2720 1826 683 2181 1409 1970 2256 2780 2454 1494 2404 1929 1464 3713 
7199 2147 0.0 1369 2049 2247 2463 1189 1080 741 2571 3548 2635 1920 792 304 2313 1920 1650 2437 1632 0.0 2122 850 1801 970 781 1634 0.0 2186 2341 1896 829 614 3342 2107 1974 1896 2741 2473 2038 2741 2312 2077 3296 2468 3548 2449 1105 641 4230 
6885 945 2488 2018 324 1284 1914 1574 1699 3229 3398 1632 2765 578 1887 2246 2467 578 455 2567 1521 2488 3052 1327 1107 2065 1682 626 2488 0.0 2494 3191 2015 1609 2611 1029 2104 3191 2064 821 2652 1547 2442 2727 3314 2754 1632 2705 2400 1936 4247 
5529 1714 2233 1014 2484 2772 1230 1119 1206 2974 2614 2275 1016 2302 1432 2367 528 2302 2085 818 1164 2233 495 1690 2326 1610 2125 1902 2233 2452 0.0 2844 1560 2052 1714 1674 305 2844 1468 1756 617 1508 342 597 1627 571 2275 598 2121 1681 2560 
7597 2742 1941 1653 3270 3468 2861 1726 1458 1344 799 3946 2824 3141 1535 2074 2711 3141 2871 2632 2145 1941 2174 2072 3022 1341 2206 2856 1941 3408 2738 0.0 1508 2038 3739 2702 2372 0.0 3139 3020 2090 3138 2327 2130 3078 2520 3946 2502 778 1629 3071 
6668 1616 673 838 1762 1960 1932 658 549 1414 2040 3017 2104 1633 261 807 1783 1633 1363 1906 1101 673 1591 564 1514 439 698 1348 673 1900 1810 1376 0.0 530 2811 1576 1444 1376 2210 1943 1507 2210 1781 1547 2766 1937 3017 1919 585 121 3699 
7044 1671 701 1417 1678 1608 2192 1236 1127 1442 2618 2759 2481 1280 839 732 2159 1280 1279 2282 1428 701 2169 503 1035 1017 167 1264 701 1816 2186 1954 877 0.0 3071 1632 1820 1954 2470 1948 2085 2470 2157 2125 3142 2515 2759 2497 1163 699 4075 
4273 2125 3269 2050 2881 3281 831 2154 2241 4010 3637 1520 2485 2768 2467 3403 1313 2768 2550 2193 1854 3269 1737 2528 2834 2646 2963 2390 3269 2557 1340 3877 2596 2890 0.0 2140 1382 3877 712 1861 1914 1079 1719 1839 1412 1587 1520 1614 3157 2717 1838 
6575 477 2407 1741 959 1612 1605 1493 1618 3148 3317 1323 3029 778 1806 2235 2157 778 560 2371 1238 2407 2742 1246 1166 1984 1671 390 2407 643 2185 3110 1934 1598 2302 0.0 1909 3110 1755 512 2456 1238 2246 2532 3005 2445 1323 2396 2319 1855 3938 
5224 1409 1928 709 2178 2467 925 814 901 2669 2112 1970 1009 1997 1126 2062 338 1997 1780 811 859 1928 489 1385 2020 1305 1820 1597 1928 2147 366 2536 1255 1747 1409 1369 0.0 2536 1163 1451 612 1203 337 592 1321 669 1970 697 1816 1376 2255 
7597 2742 1941 1653 3270 3468 2861 1726 1458 1344 799 3946 2824 3141 1535 2074 2711 3141 2871 2632 2145 1941 2174 2072 3022 1341 2206 2856 1941 3408 2738 0.0 1508 2038 3739 2702 2372 0.0 3139 3020 2090 3138 2327 2130 3078 2520 3946 2502 778 1629 3071 
4986 1511 2933 1713 2168 2944 494 1818 1905 3674 3117 807 2187 2164 2131 3066 1254 2164 1947 1988 1518 2933 1677 2191 2498 2309 2627 1776 2933 1844 1280 3540 2259 2554 712 1594 1322 3540 0.0 1148 2074 432 1659 2149 1415 1527 807 1554 2821 2380 2348 
6168 362 2493 1618 1020 1850 1197 1410 1535 3234 3091 915 2621 1016 1723 2473 1750 1016 798 1963 1115 2493 2335 1484 1404 1902 1908 628 2493 695 1777 3181 1820 1836 1894 446 1501 3181 1347 0.0 2049 830 1838 2124 2597 2037 915 1988 2381 1941 3530 
5951 1844 2364 1144 2614 2902 1512 1249 1336 3105 2097 2598 739 2433 1562 2497 565 2433 2215 541 1295 2364 84 1820 2456 1740 2255 2032 2364 2582 592 2567 1690 2183 2136 1805 574 2567 1791 1886 0.0 1790 236 174 1123 389 2598 417 2252 1811 2015 
5430 1149 2716 1496 1806 2727 277 1601 1688 3457 2900 894 1970 1802 1914 2850 1166 1802 1584 1772 1301 2716 1590 1975 2281 2092 2410 1414 2716 1482 1193 3324 2043 2337 1156 1232 1310 3324 556 786 1857 0.0 1647 1933 1778 1439 894 1467 2604 2164 2711 
5561 1825 2344 1125 2594 2883 1493 1230 1317 3085 2078 2307 720 2413 1542 2478 448 2413 2196 522 1275 2344 152 1801 2436 1721 2236 2013 2344 2563 475 2548 1671 2163 1747 1785 337 2548 1500 1867 275 1771 0.0 254 1155 346 2307 374 2232 1792 2047 
5906 1950 2470 1250 2720 3008 1607 1355 1442 3092 2183 2652 694 2539 1668 2604 721 2539 2321 648 1401 2470 102 1926 2562 1846 2362 2730 2470 2985 749 2522 1797 2289 2091 1911 592 2522 1845 2289 186 1884 254 0.0 948 390 2652 372 2250 1918 1840 
4903 3156 3675 2226 3913 4312 1862 2560 2647 3888 2979 2551 1490 3799 2873 3809 1677 3799 3581 1609 2606 3675 1589 3131 3866 3051 3566 3422 3675 3588 1704 3318 3001 3494 1250 3171 1746 3318 1744 2892 1673 2111 1639 1691 0.0 1291 2551 1272 3046 3123 933 
5561 2120 2593 1290 2954 3314 1262 1478 1565 2953 2043 2307 554 2773 1791 2727 331 2773 2555 674 1888 2593 327 2050 2868 1970 2485 2385 2593 2641 358 2382 1920 2412 1747 2173 866 2382 1500 1945 411 1540 378 429 808 0.0 2307 27 2111 2041 1700 
5883 1568 3830 2611 2226 3055 1392 2715 2802 4571 4014 0.0 3084 2221 3028 3964 2151 2221 2004 2886 2415 3830 2575 3089 2609 3207 3524 1833 3830 1901 2178 4438 3157 3451 1610 1651 2220 4438 1063 1205 2972 1190 2557 3047 2312 2424 0.0 2452 3718 3278 3245 
5534 2092 2612 1263 2927 3287 1235 1497 1584 2925 2016 2280 527 2746 1810 2746 380 2746 2528 646 1860 2612 346 2069 2840 1989 2504 2358 2612 2613 407 2355 1939 2431 1719 2145 839 2355 1473 1917 430 1512 397 448 781 49 2280 0.0 2083 2060 1673 
7164 2111 1403 1242 2492 2690 2428 1153 994 868 1590 3513 2600 2363 756 1537 2278 2363 2093 2401 1596 1403 2005 1294 2244 563 1428 2077 1403 2630 2305 790 729 1260 3306 2072 1939 790 2706 2438 1921 2705 2158 1960 3261 2351 3513 2332 0.0 851 3862 
6659 1606 631 829 1752 1951 1922 648 539 1373 2054 3008 2095 1624 251 765 1773 1624 1354 1896 1091 631 1582 554 1505 430 688 1338 631 1890 1800 1255 289 521 2801 1567 1434 1255 2201 1933 1498 2200 1771 1537 2756 1928 3008 1909 464 0.0 3689 
5473 3608 4127 2678 4365 4764 2314 3012 3099 4341 2153 3003 1942 4251 3325 4261 2129 4251 4034 1833 3058 4127 2041 3583 4318 3503 4019 3874 4127 4040 2156 2953 3454 3946 1819 3623 2198 2953 2196 3344 2125 2563 2091 2143 1025 1744 3003 1725 3498 3575 0.0 
