-1.53837 47.171 -1.5380095 47.1712029 634626179
1
100 
50
9 10 7 10 -1.56276 47.2134 -1.562868 47.2133926 315882175
21 10 6 9 -1.549 47.2101 -1.5489078 47.2100021 292734490
4 10 9 12 -1.55342 47.2229 -1.5533684 47.2228405 289490500
28 10 14 17 -1.54981 47.2032 -1.5501223 47.2030792 360242850
10 5 12 14 -1.57001 47.2103 -1.5700136 47.2104313 305744073
14 10 9 12 -1.54681 47.2012 -1.5466487 47.2013132 1650331225
13 5 7 10 -1.5533 47.2187 -1.5533956 47.2185703 292348618
32 10 7 12 -1.55786 47.2147 -1.558366 47.2155435 315857226
4 10 6 9 -1.56503 47.2122 -1.5649336 47.2122435 296394115
35 10 7 10 -1.5652 47.2223 -1.5651534 47.2221917 287952526
6 10 14 17 -1.55265 47.2157 -1.5514806 47.2163046 3141438537
29 10 12 14 -1.53969 47.2142 -1.5398776 47.2144055 1556271466
31 10 7 10 -1.54628 47.2142 -1.5462513 47.2140712 292734347
15 10 7 10 -1.55625 47.222 -1.5559809 47.2215321 1267822414
27 5 14 17 -1.56113 47.2158 -1.560867 47.2155924 1976600453
13 10 7 10 -1.55681 47.2159 -1.5570888 47.2160405 315857168
23 10 12 14 -1.56857 47.2104 -1.5684739 47.2102137 305615954
36 10 7 10 -1.56091 47.2175 -1.5613937 47.2176085 292341927
19 5 14 17 -1.55453 47.2072 -1.5550787 47.2073172 1550785745
16 10 7 10 -1.55649 47.2149 -1.5561331 47.2150106 2417854709
4 5 9 12 -1.56736 47.2145 -1.5674796 47.2145653 315882188
16 5 9 12 -1.53771 47.2087 -1.5373725 47.2089138 642454355
48 5 7 12 -1.55454 47.2197 -1.5543526 47.2196642 290215827
13 10 16 20 -1.55956 47.2256 -1.5595577 47.2257317 285972441
36 5 14 17 -1.55879 47.2129 -1.5583404 47.212563 305269783
30 5 16 20 -1.54336 47.2262 -1.5425873 47.2271465 277456640
18 10 7 10 -1.55634 47.2177 -1.5563165 47.2177724 335605761
19 10 7 12 -1.55256 47.2147 -1.5523005 47.2133318 1937262182
9 5 7 10 -1.53734 47.2143 -1.5373496 47.2142184 1942485302
32 5 9 12 -1.553 47.2046 -1.5533498 47.2046682 360697021
9 10 16 20 -1.56833 47.209 -1.56843 47.2090508 1659601648
16 5 16 20 -1.5627 47.222 -1.5625946 47.2218498 3273097435
26 10 7 12 -1.54276 47.2271 -1.5425873 47.2271465 277456640
40 5 16 20 -1.53595 47.2083 -1.535805 47.2084129 1839944971
5 10 6 9 -1.57028 47.2209 -1.570359 47.2208585 286359240
24 5 7 12 -1.57121 47.2128 -1.5715517 47.2128133 1658935844
32 10 9 12 -1.56688 47.2147 -1.5668879 47.2145848 301893554
8 5 6 9 -1.56635 47.2094 -1.5665749 47.2092555 305615914
23 5 7 10 -1.57349 47.2064 -1.5731452 47.206663 1687886038
15 5 9 12 -1.55654 47.2137 -1.5567027 47.2135841 4988076365
11 10 7 12 -1.54829 47.2051 -1.5484486 47.2049957 341809734
33 10 7 10 -1.55817 47.214 -1.5567027 47.2135841 4988076365
43 10 7 10 -1.54874 47.2056 -1.548809 47.2057185 4212687165
30 10 12 14 -1.55741 47.2142 -1.5567027 47.2135841 4988076365
31 5 6 9 -1.55944 47.2255 -1.5595577 47.2257317 285972441
2 10 7 12 -1.55251 47.2167 -1.551836 47.216706 339037624
7 5 6 9 -1.54912 47.2201 -1.5492266 47.2200708 571479563
21 10 9 12 -1.56318 47.2068 -1.5635284 47.2067723 279634873
44 10 12 14 -1.56847 47.2097 -1.5685817 47.2098288 4071786984
29 5 7 12 -1.56691 47.2042 -1.5668148 47.2040291 461495208
0.0 592 449 644 381 604 365 583 560 571 694 552 524 535 620 575 546 571 603 433 523 612 466 589 659 517 722 566 497 533 406 556 662 722 455 649 609 606 536 607 538 389 538 399 538 659 558 687 503 565 496 
531 0.0 171 195 168 131 192 142 65 37 154 146 216 194 171 50 79 105 78 113 99 59 263 144 209 50 290 111 120 225 144 118 141 290 256 96 123 54 111 170 71 181 71 191 71 209 140 254 154 105 204 
464 238 0.0 253 135 291 148 192 169 218 303 161 108 91 229 191 154 257 212 132 132 259 180 198 268 164 304 175 106 117 136 242 271 304 173 294 296 253 223 293 161 103 161 113 161 268 167 270 211 251 213 
640 226 250 0.0 300 282 324 84 137 227 165 119 299 221 51 152 161 272 131 245 138 188 358 67 90 204 98 98 172 308 275 285 111 98 351 194 252 191 272 337 167 279 167 289 167 90 112 93 321 272 336 
363 210 103 285 0.0 223 23 224 184 190 318 192 177 188 261 194 186 189 228 51 163 230 131 230 300 136 369 207 137 187 24 174 287 369 123 267 227 225 155 225 156 30 156 40 156 300 199 333 121 183 114 
594 156 242 286 231 0.0 254 253 196 150 235 257 287 302 262 156 190 55 169 200 209 93 343 254 301 179 384 225 228 297 206 67 230 384 336 167 39 98 80 97 199 243 199 253 199 301 251 365 122 55 178 
339 234 121 309 24 247 0.0 248 209 214 343 217 196 207 285 218 210 214 253 76 188 255 141 254 324 160 393 231 162 205 48 198 311 393 130 292 252 249 179 250 181 54 181 64 181 324 223 358 145 207 138 
569 181 179 72 229 265 252 0.0 82 172 161 34 214 137 47 132 95 240 127 173 73 184 287 16 86 143 165 36 87 224 204 229 107 165 279 190 248 187 210 280 102 208 102 218 102 86 28 130 253 238 265 
535 100 145 130 188 184 211 86 0.0 90 175 100 199 163 106 56 35 158 85 132 54 120 253 82 145 67 226 46 89 221 163 154 143 226 246 158 182 115 135 205 33 174 33 184 33 145 94 198 189 159 223 
571 100 211 238 208 93 232 185 108 0.0 206 188 255 234 214 93 122 68 138 153 141 62 303 187 253 90 333 154 160 265 183 80 199 333 296 138 91 68 75 133 111 220 111 231 111 253 183 297 117 68 173 
658 180 268 152 312 236 336 161 170 197 0.0 196 322 286 128 121 137 226 85 257 156 142 377 144 147 192 251 172 212 345 288 238 70 251 369 66 206 145 234 291 183 297 183 307 183 147 190 246 275 226 331 
535 168 144 106 195 252 218 34 96 158 196 0.0 179 102 82 118 82 226 140 139 59 188 252 51 121 129 176 57 53 189 170 216 142 176 244 221 250 183 197 267 89 174 89 184 89 121 6 140 219 225 230 
494 260 99 290 165 281 178 224 205 239 340 189 0.0 86 266 227 191 247 249 162 168 275 111 235 305 185 271 212 142 34 166 232 307 271 94 317 285 274 213 283 198 133 198 143 198 305 195 239 241 241 242 
515 228 101 243 185 286 199 182 158 208 292 150 102 0.0 219 180 144 253 202 154 121 248 175 188 258 154 280 164 95 111 185 238 260 280 167 283 291 243 218 289 150 153 150 164 150 258 156 246 234 247 245 
603 188 212 37 263 244 286 46 99 190 128 81 261 184 0.0 115 123 235 94 207 101 151 321 29 38 167 136 60 134 271 238 247 74 136 313 156 215 153 234 300 130 242 130 252 130 38 75 131 284 235 298 
613 102 238 165 250 166 273 170 137 119 124 174 293 257 141 0.0 107 156 48 194 127 72 345 157 180 132 264 143 182 307 225 169 112 264 338 102 136 67 164 222 149 262 149 272 149 180 168 259 206 157 261 
521 105 131 119 181 201 205 63 56 107 148 67 185 149 95 36 0.0 175 57 126 19 109 239 64 134 89 210 35 75 207 156 175 116 210 232 139 173 103 156 226 49 160 49 170 49 134 61 175 205 176 217 
558 133 207 271 195 55 219 218 141 94 225 221 252 267 247 126 155 0.0 157 165 174 82 308 220 286 123 366 187 192 261 171 42 219 366 300 158 52 87 45 102 144 208 144 218 144 286 216 330 86 30 142 
580 113 190 127 234 169 257 121 92 130 95 126 244 208 103 42 58 159 0.0 178 78 75 298 119 142 113 226 94 133 266 209 172 82 226 290 97 139 78 167 225 104 219 104 229 104 142 119 221 209 160 264 
418 158 102 233 55 191 79 172 132 138 266 140 177 160 209 142 134 158 176 0.0 111 178 159 178 248 84 317 155 85 186 30 142 235 317 151 216 196 173 123 193 104 67 104 78 104 248 147 281 79 151 91 
502 108 111 142 161 192 185 86 37 99 171 77 166 130 118 58 22 167 80 106 0.0 129 220 87 157 70 233 58 55 188 137 156 139 233 212 161 190 123 137 207 29 141 29 151 29 157 83 197 186 165 197 
594 63 227 192 231 93 255 159 122 62 143 164 279 246 168 63 96 83 75 176 116 0.0 327 161 207 114 291 132 171 288 207 96 137 291 319 75 63 5 91 149 134 244 134 254 134 207 157 271 133 84 189 
464 315 152 341 140 328 153 269 265 295 399 234 119 160 317 287 251 294 309 156 228 334 0.0 286 356 241 319 272 202 103 140 279 367 319 22 372 332 330 260 330 258 108 258 118 258 356 240 284 226 288 219 
586 188 196 55 246 261 269 16 88 179 145 51 231 154 31 132 112 247 110 190 89 167 304 0.0 70 156 151 49 104 241 221 242 90 151 296 173 231 170 223 293 119 225 119 235 119 70 45 142 270 247 281 
642 220 251 76 302 276 325 85 138 229 132 120 300 223 38 147 162 266 125 246 140 182 360 68 0.0 206 175 99 173 309 277 279 81 175 352 164 246 185 273 332 169 281 169 291 169 0.0 114 170 316 267 337 
503 94 132 178 140 155 164 118 69 74 203 97 186 150 154 78 73 122 113 85 50 115 236 123 193 0.0 266 94 75 197 116 107 171 266 228 152 160 109 87 158 20 153 20 163 20 193 103 230 142 116 176 
693 313 302 195 353 397 376 146 213 303 285 162 257 229 171 263 227 371 251 297 204 308 343 159 206 274 0.0 168 210 246 328 361 231 0.0 326 314 372 311 342 412 234 331 234 342 234 206 156 86 377 370 388 
549 146 159 91 209 230 232 40 45 136 181 54 213 157 67 102 70 204 127 153 47 166 267 36 106 113 188 0.0 95 235 184 200 127 188 260 203 227 161 181 251 76 188 76 198 76 106 48 152 233 204 245 
482 160 91 161 141 218 165 89 90 140 224 54 146 96 137 112 76 185 134 86 53 180 200 106 176 86 231 86 0.0 168 117 170 192 231 192 215 223 175 150 221 83 120 83 131 83 176 61 195 166 179 177 
508 274 113 310 179 295 192 238 227 253 361 203 29 108 286 249 212 261 270 176 190 289 96 255 325 200 248 233 164 0.0 180 246 329 248 79 331 300 289 227 297 219 147 219 157 219 325 209 253 255 255 257 
387 185 110 260 24 198 48 199 160 165 294 168 184 187 236 169 161 165 204 27 139 206 138 205 275 111 344 182 113 194 0.0 150 262 344 130 243 203 200 130 201 132 37 132 47 132 275 174 309 96 159 89 
570 170 219 300 207 48 231 256 178 132 249 255 264 279 276 163 192 37 183 177 208 107 320 257 315 158 398 224 204 273 183 0.0 244 398 312 181 53 113 57 74 178 220 178 230 178 315 253 367 98 37 154 
648 170 258 140 302 226 326 150 161 187 54 185 312 276 103 111 127 216 76 247 146 132 367 133 76 182 239 163 202 335 278 229 0.0 239 359 82 196 135 224 281 173 287 173 297 173 76 178 234 265 216 321 
693 313 302 195 353 397 376 146 213 303 285 162 257 229 171 263 227 371 251 297 204 308 343 159 206 274 0.0 168 210 246 328 361 231 0.0 326 314 372 311 342 412 234 331 234 342 234 206 156 86 377 370 388 
454 313 152 348 138 326 145 287 263 293 397 253 103 179 324 285 249 292 307 155 226 333 22 293 363 239 335 270 200 87 138 277 365 335 0.0 371 331 328 258 328 256 106 256 116 256 363 259 303 224 286 217 
646 136 276 195 284 169 307 203 171 147 73 212 331 294 171 112 145 168 110 228 164 84 379 186 168 166 293 181 220 340 259 181 112 293 371 0.0 139 90 176 232 183 296 183 306 183 168 206 288 218 169 274 
600 117 249 246 237 40 260 214 176 117 196 218 294 300 223 117 151 61 130 207 170 54 350 215 261 168 345 186 226 303 212 74 190 345 342 128 0.0 59 86 104 188 249 188 260 188 261 212 326 128 62 184 
589 57 222 190 226 99 250 154 117 68 141 158 274 240 166 57 91 89 73 171 110 5 321 155 205 108 289 127 166 283 201 101 135 289 314 73 69 0.0 96 154 129 238 129 249 129 205 152 266 138 89 194 
526 135 175 274 163 67 186 221 143 97 228 210 219 234 250 129 158 34 160 133 164 84 275 222 289 113 368 190 160 229 138 19 221 368 268 160 72 90 0.0 70 133 175 133 185 133 289 217 333 54 28 110 
585 207 234 346 222 109 246 291 215 169 296 270 279 294 322 200 229 77 232 192 223 156 335 294 361 172 439 261 219 288 197 62 291 439 327 228 110 162 71 0.0 193 234 193 244 193 361 276 403 113 71 169 
501 139 111 157 161 223 185 98 67 129 201 77 166 129 133 89 53 197 111 106 30 159 220 102 172 100 246 73 55 188 137 187 169 246 212 192 220 154 167 238 0.0 140 0.0 150 0.0 172 83 210 185 196 197 
372 218 76 271 32 231 55 210 187 198 321 179 150 161 247 202 172 198 230 60 150 239 104 216 286 144 355 193 124 160 32 182 289 355 96 276 236 233 163 234 165 0.0 165 10 165 286 185 320 129 191 122 
501 139 111 157 161 223 185 98 67 129 201 77 166 129 133 89 53 197 111 106 30 159 220 102 172 100 246 73 55 188 137 187 169 246 212 192 220 154 167 238 0.0 140 0.0 150 0.0 172 83 210 185 196 197 
382 214 73 268 53 227 67 207 184 193 318 175 147 158 244 197 169 193 227 55 146 234 101 213 283 140 352 190 121 156 54 178 286 352 93 271 231 229 159 229 160 21 160 0.0 160 283 182 316 125 187 118 
501 139 111 157 161 223 185 98 67 129 201 77 166 129 133 89 53 197 111 106 30 159 220 102 172 100 246 73 55 188 137 187 169 246 212 192 220 154 167 238 0.0 140 0.0 150 0.0 172 83 210 185 196 197 
642 220 251 76 302 276 325 85 138 229 132 120 300 223 38 147 162 266 125 246 140 182 360 68 0.0 206 175 99 173 309 277 279 81 175 352 164 246 185 273 332 169 281 169 291 169 0.0 114 170 316 267 337 
541 174 151 100 201 258 224 28 96 165 190 6 186 108 76 124 88 233 146 145 65 195 258 45 115 135 170 50 59 195 176 222 136 170 251 219 256 189 203 273 95 180 95 190 95 115 0.0 134 225 231 237 
606 226 216 118 266 310 289 59 127 217 208 75 251 173 94 176 140 285 174 210 117 231 323 76 133 188 122 81 124 260 241 274 154 122 316 237 295 234 255 325 147 245 147 255 147 133 69 0.0 290 283 302 
487 185 182 312 124 117 147 252 193 146 277 220 256 239 288 178 207 83 209 79 191 133 236 257 327 149 397 234 165 265 99 68 270 397 229 209 121 139 49 119 170 136 170 146 170 327 226 361 0.0 77 71 
564 139 213 278 201 60 225 224 147 101 232 227 258 273 254 132 161 6 164 171 180 88 314 226 293 130 372 193 199 267 177 12 225 372 307 164 59 93 51 86 150 214 150 224 150 293 222 336 93 0.0 148 
484 270 206 350 121 202 145 289 249 232 363 257 281 277 326 259 251 168 293 117 228 219 234 295 365 201 434 272 202 290 97 153 352 434 227 295 207 224 134 204 221 134 221 144 221 365 264 398 100 162 0.0 
0.0 6919 5542 7201 4860 7172 4639 6691 6528 6784 7638 6466 6471 6144 7000 6836 6406 6843 6881 5525 6224 7151 5552 6738 7540 6379 8086 6586 6008 6601 5168 6716 7346 8086 5465 7733 7251 7107 6555 7154 6549 5000 6549 5085 6549 7540 6518 7559 6246 6791 6285 
6240 0.0 1706 1622 1801 1024 2129 1155 505 265 1287 1190 2495 1702 1422 416 630 766 655 1088 792 494 2719 1164 1962 420 2622 889 1028 2625 1492 870 1156 2622 2677 1075 1123 449 915 1322 590 1964 590 2049 590 1962 1138 2085 1176 768 2245 
5384 1787 0.0 1921 1404 2369 1502 1412 1249 1652 2359 1187 979 645 1721 1429 1127 2040 1601 1085 945 2019 1539 1459 2261 1246 2713 1307 729 1109 1380 1913 2066 2713 1497 2557 2448 1974 1752 2351 1192 958 1192 1043 1192 2261 1239 2186 1741 1988 2202 
6969 1745 2083 0.0 2945 2486 3273 703 1142 1827 1366 993 2635 1807 434 1272 1337 2270 1094 2232 1154 1571 3466 561 973 1682 1042 819 1435 2765 2636 2374 912 1042 3424 1609 2200 1593 2243 2826 1401 2542 1401 2627 1401 973 941 778 2680 2272 3389 
4439 2059 1147 2764 0.0 2311 328 2254 1889 1924 3016 2029 2076 1749 2564 1976 1970 1983 2246 665 1787 2291 1646 2301 3103 1518 3711 2149 1571 2206 307 1856 2711 3711 1604 2872 2391 2246 1695 2294 1688 409 1688 493 1688 3103 2081 3174 1386 1931 1425 
6792 1297 2374 2514 2352 0.0 2680 2243 1554 1159 2234 2278 3163 2673 2314 1439 1717 512 1547 1821 1880 914 3621 2252 2853 1444 3556 2016 2000 3293 2043 616 1961 3556 3578 1676 365 958 729 875 1614 2516 1614 2601 1614 2853 2226 3173 1077 514 1611 
4111 2391 1398 3095 331 2643 0.0 2586 2220 2255 3347 2361 2327 2000 2895 2307 2301 2314 2577 996 2119 2623 1526 2633 3435 1850 4042 2481 1903 2457 639 2187 3042 4042 1440 3204 2722 2578 2026 2625 2020 740 2020 825 2020 3435 2413 3505 1717 2262 1756 
6336 1393 1451 604 2313 2098 2641 0.0 685 1340 1335 290 1932 1104 403 1069 768 1840 1064 1600 586 1540 2492 141 943 1147 1619 303 732 2062 2004 1869 882 1619 2450 1579 2170 1563 1708 2307 832 1910 832 1995 832 943 238 1082 2256 1944 2757 
6093 737 1207 1089 1952 1443 2280 720 0.0 684 1456 837 1915 1416 889 455 296 1185 699 1239 458 969 2590 690 1429 540 2108 384 743 2219 1643 1261 1164 2108 2548 1550 1378 924 1101 1700 280 1666 280 1751 280 1429 785 1650 1554 1187 2396 
6501 610 1967 1880 2062 758 2390 1441 790 0.0 1835 1456 2756 1963 1680 699 915 500 1008 1349 1105 375 2980 1450 2219 681 2908 1175 1289 2886 1753 604 1492 2908 2938 1277 694 420 562 1056 851 2225 851 2310 851 2219 1423 2371 910 502 1444 
7114 1362 2228 1278 2974 2104 3303 1346 1389 1584 0.0 1637 2936 2437 1077 1010 1137 1887 718 2262 1300 1188 3611 1205 1185 1563 2320 1436 1764 3240 2665 1991 565 2320 3569 564 1818 1211 1949 2443 1497 2688 1497 2772 1497 1185 1585 2056 2297 1889 2832 
6089 1268 1203 894 2066 1974 2394 290 765 1215 1626 0.0 1641 814 694 945 643 1716 1117 1353 461 1500 2201 432 1233 1023 1681 474 441 1772 1757 1744 1172 1681 2159 2073 1909 1455 1583 2182 708 1663 708 1748 708 1233 52 1144 2009 1819 2510 
6096 2793 1133 2633 2115 3096 2214 1988 1960 2658 3070 1697 0.0 836 2432 2140 1838 2767 2313 1797 1656 2997 1072 2170 2972 2252 2455 2018 1440 391 2092 2640 2778 2455 929 3606 3175 2980 2479 3078 1903 1669 1903 1754 1903 2972 1749 2116 2452 2715 2913 
5951 1890 565 2024 1970 2502 2069 1515 1352 1754 2461 1290 962 0.0 1824 1532 1230 2174 1704 1512 1048 2122 1522 1562 2364 1349 2567 1410 832 1093 1916 2047 2169 2567 1480 2660 2582 2077 1886 2485 1295 1525 1295 1610 1295 2364 1342 2040 2168 2122 2669 
6659 1436 1774 314 2636 2177 2964 394 833 1518 1057 684 2326 1498 0.0 963 1028 1961 785 1923 845 1262 3157 252 539 1373 1356 509 1126 2456 2327 2064 603 1356 3114 1300 1891 1284 1934 2517 1092 2233 1092 2318 1092 539 632 1092 2371 1963 3080 
6909 713 1981 1376 2469 1521 2798 1415 1107 934 1040 1450 2688 2190 1175 0.0 890 1305 408 1757 1052 606 3388 1303 1715 1086 2418 1189 1516 3294 2160 1409 910 2418 3345 1127 1236 561 1367 1861 1215 2633 1215 2718 1215 1715 1398 2154 1715 1307 2250 
5976 780 1091 997 1953 1576 2281 525 466 818 1231 560 1798 1299 796 301 0.0 1318 474 1240 162 908 2473 534 1336 707 1992 298 626 2102 1644 1428 939 1992 2431 1429 1537 863 1268 1867 409 1550 409 1635 409 1336 508 1455 1896 1320 2397 
6439 861 2021 2131 1999 506 2327 1692 1041 647 2143 1707 2810 2320 1931 950 1166 0.0 1316 1468 1356 683 3268 1701 2470 932 3159 1426 1646 2940 1690 351 1800 3159 3225 1585 441 728 375 869 1102 2162 1102 2247 1102 2470 1674 2622 723 250 1258 
6457 806 1572 1068 2318 1548 2646 1006 732 1028 794 1041 2280 1781 868 354 481 1331 0.0 1605 643 633 2955 995 1407 906 2110 780 1108 2584 2009 1435 664 2110 2912 1080 1262 655 1394 1888 841 2031 841 2116 841 1407 989 1847 1742 1334 2276 
5152 1394 888 2099 712 1735 1040 1589 1223 1258 2351 1364 1816 1579 1898 1310 1304 1406 1581 0.0 1122 1626 1900 1636 2438 853 3046 1484 906 1947 403 1279 2046 3046 1857 2207 1814 1581 1118 1717 1023 876 1023 961 1023 2438 1416 2508 655 1354 1156 
5814 807 928 1179 1790 1512 2118 707 304 754 1413 606 1636 1137 979 483 182 1254 656 1077 0.0 1039 2311 716 1518 561 2174 481 464 1940 1481 1283 1121 2174 2269 1611 1448 994 1122 1721 246 1387 246 1472 246 1518 658 1637 1733 1358 2234 
6623 383 1895 1600 2184 915 2512 1329 980 408 1460 1364 2878 2103 1400 525 803 698 633 1471 966 0.0 3102 1338 1939 803 2642 1102 1430 3008 1875 802 1117 2642 3060 902 629 44 761 1255 973 2347 973 2432 973 1939 1312 2259 1109 701 1643 
5432 3213 1340 2984 1717 3465 1816 2380 2619 3077 3729 2089 1058 1390 2783 2799 2497 3136 2971 1818 2315 3495 0.0 2521 3323 2672 3035 2677 2099 861 1694 3009 3436 3035 184 4026 3544 3400 2848 3447 2562 1272 2562 1356 2562 3323 2141 2508 2539 3084 2578 
6478 1474 1592 462 2455 2314 2783 141 736 1421 1194 432 2073 1246 262 1100 930 1921 922 1742 748 1399 2633 0.0 801 1276 1480 412 873 2204 2146 1998 740 1480 2591 1437 2028 1421 1837 2436 995 2052 995 2136 995 801 379 1188 2397 1923 2899 
7199 1731 2313 853 3176 2472 3504 933 1372 2057 1227 1224 2866 2038 539 1258 1567 2256 1080 2463 1385 1557 3696 792 0.0 1913 1896 1049 1665 2996 2867 2360 695 1896 3654 1392 2186 1580 2473 2812 1632 2773 1632 2858 1632 0.0 1172 1632 2666 2258 3620 
6023 712 1097 1484 1583 1349 1911 963 542 577 1669 775 1805 1306 1284 629 606 1020 899 870 424 944 2501 1022 1824 0.0 2431 786 633 2407 1274 893 1364 2431 2459 1526 1428 899 732 1331 169 1747 169 1831 169 1824 827 1893 1185 968 2027 
7597 2705 2711 1842 3573 3411 3901 1431 1997 2652 2573 1570 2345 2090 1641 2382 2080 3153 2302 2861 1898 2778 3064 1535 1941 2460 0.0 1615 1949 2186 3264 3181 2120 0.0 2921 2817 3408 2801 3020 3619 2145 3170 2145 3255 2145 1941 1518 938 3516 3256 4017 
6208 1119 1323 768 2185 1825 2513 335 382 1066 1500 453 2030 1267 568 838 576 1567 1051 1472 394 1351 2705 306 1108 922 1802 0.0 750 2334 1876 1643 1047 1802 2663 1933 1760 1306 1483 2082 641 1782 641 1867 641 1108 401 1265 2128 1569 2629 
5647 1289 762 1352 1624 1901 1952 748 751 1153 1860 457 1470 764 1152 931 629 1573 1103 911 447 1521 2145 889 1691 748 2139 676 0.0 1774 1315 1446 1568 2139 2102 2058 1981 1476 1285 1884 693 1221 693 1306 693 1691 509 1602 1567 1521 2068 
6278 2976 1315 2774 2298 3278 2396 2170 2243 2840 3353 1879 309 1119 2574 2423 2121 2950 2596 1979 1939 3180 878 2312 3113 2435 2164 2301 1723 0.0 2274 2823 3061 2164 734 3789 3358 3163 2662 3261 2186 1852 2186 1937 2186 3113 1932 2299 2635 2898 3096 
4748 1751 1210 2456 309 2003 637 1947 1581 1616 2708 1721 2139 1937 2256 1668 1662 1675 1938 357 1480 1983 1709 1993 2795 1211 3403 1842 1264 2269 0.0 1548 2403 3403 1667 2565 2083 1938 1387 1986 1380 472 1380 557 1380 2795 1774 2866 1078 1623 1117 
6549 1173 2131 2684 2110 455 2438 2004 1353 959 2404 2102 2920 2430 2484 1262 1478 311 1716 1579 1751 1083 3378 2013 3023 1327 3726 1738 1757 3050 1800 0.0 2131 3726 3336 1846 535 1128 486 634 1497 2273 1497 2358 1497 3023 1986 2934 834 314 1368 
7031 1279 2145 1303 2891 2020 3219 1382 1305 1500 453 1673 2853 2354 988 927 1054 1804 634 2178 1217 1105 3528 1241 620 1480 2345 1353 1681 3157 2582 1908 0.0 2345 3486 696 1734 1127 1866 2360 1414 2604 1414 2689 1414 620 1621 2081 2214 1806 2749 
7597 2705 2711 1842 3573 3411 3901 1431 1997 2652 2573 1570 2345 2090 1641 2382 2080 3153 2302 2861 1898 2778 3064 1535 1941 2460 0.0 1615 1949 2186 3264 3181 2120 0.0 2921 2817 3408 2801 3020 3619 2145 3170 2145 3255 2145 1941 1518 938 3516 3256 4017 
5373 3197 1617 3276 1702 3449 1665 2766 2604 3062 3713 2312 923 1613 3076 2783 2482 3121 2956 1803 2299 3429 189 2813 3615 2656 2891 2661 2083 726 1679 2994 3421 2891 0.0 4010 3529 3384 2833 3432 2546 1256 2546 1341 2546 3615 2364 2731 2524 3069 2563 
7427 1231 2540 1650 2988 1649 3316 1718 1625 1354 630 2009 3247 2749 1449 1170 1449 1644 1161 2275 1611 945 3906 1577 1960 1604 2692 1748 2075 3812 2679 1748 937 2692 3864 0.0 1363 990 1707 2239 1734 3151 1734 3236 1734 1960 1957 2428 2055 1647 2589 
6885 931 2467 2149 2445 378 2773 1878 1529 957 1869 1912 3256 2652 1949 1074 1352 605 1181 1914 1515 548 3714 1887 2488 1352 3191 1651 1979 3386 2136 709 1595 3191 3671 1311 0.0 593 821 968 1521 2609 1521 2693 1521 2488 1860 2808 1169 607 1704 
6578 338 1850 1583 2139 960 2467 1284 935 453 1443 1319 2833 2059 1383 480 759 743 616 1426 921 44 3057 1293 1922 758 2625 1058 1385 2963 1830 847 1100 2625 3015 885 674 0.0 805 1299 928 2302 928 2387 928 1922 1267 2214 1154 745 1688 
6168 883 1750 2154 1728 616 2056 1714 1064 669 2166 1721 2539 2049 1953 972 1189 287 1338 1197 1370 705 2997 1723 2493 945 3181 1448 1375 2669 1419 160 1822 3181 2954 1608 695 750 0.0 598 1115 1892 1115 1976 1115 2493 1773 2644 453 235 987 
6677 1497 2259 2768 2237 948 2565 2418 1678 1283 2894 2230 3048 2558 2567 1586 1803 661 1952 1707 1879 1319 3506 2337 3107 1454 3885 2062 1885 3178 1928 534 2621 3885 3463 2336 939 1364 614 0.0 1624 2401 1624 2486 1624 3107 2282 3348 962 609 1496 
5812 1061 927 1314 1789 1767 2117 793 558 1009 1668 605 1635 1136 1114 738 436 1509 911 1076 254 1293 2310 852 1654 816 2261 616 463 1939 1480 1536 1376 2261 2268 1866 1703 1249 1376 1975 0.0 1386 0.0 1471 0.0 1654 657 1723 1732 1612 2233 
4580 2174 763 2422 445 2426 773 1912 1749 2038 2859 1687 1692 1365 2221 2090 1627 2097 2102 779 1445 2406 1262 1959 2761 1633 3369 1807 1229 1822 422 1970 2567 3369 1220 2987 2505 2361 1809 2408 1803 0.0 1803 84 1803 2761 1739 2831 1500 2045 1540 
5812 1061 927 1314 1789 1767 2117 793 558 1009 1668 605 1635 1136 1114 738 436 1509 911 1076 254 1293 2310 852 1654 816 2261 616 463 1939 1480 1536 1376 2261 2268 1866 1703 1249 1376 1975 0.0 1386 0.0 1471 0.0 1654 657 1723 1732 1612 2233 
4671 2065 669 2328 691 2317 789 1818 1655 1929 2765 1593 1598 1271 2127 1981 1533 1988 2008 670 1351 2297 1168 1865 2667 1524 3275 1713 1135 1728 667 1861 2473 3275 1126 2878 2396 2252 1700 2299 1694 245 1694 0.0 1694 2667 1645 2737 1391 1936 1430 
5812 1061 927 1314 1789 1767 2117 793 558 1009 1668 605 1635 1136 1114 738 436 1509 911 1076 254 1293 2310 852 1654 816 2261 616 463 1939 1480 1536 1376 2261 2268 1866 1703 1249 1376 1975 0.0 1386 0.0 1471 0.0 1654 657 1723 1732 1612 2233 
7199 1731 2313 853 3176 2472 3504 933 1372 2057 1227 1224 2866 2038 539 1258 1567 2256 1080 2463 1385 1557 3696 792 0.0 1913 1896 1049 1665 2996 2867 2360 695 1896 3654 1392 2186 1580 2473 2812 1632 2773 1632 2858 1632 0.0 1172 1632 2666 2258 3620 
6141 1320 1256 842 2118 2026 2446 238 804 1267 1574 52 1693 866 642 997 695 1768 1169 1405 513 1552 2253 379 1181 1075 1629 422 493 1824 1809 1796 1120 1629 2211 1817 1961 1507 1635 2234 760 1715 760 1800 760 1181 0.0 1092 2061 1871 2562 
6658 1767 1773 994 2635 2472 2963 493 1059 1714 1726 631 2211 1383 794 1443 1142 2214 1454 1922 959 1931 2771 634 1334 1521 1228 677 1010 2341 2326 2243 1273 1228 2728 1969 2560 1953 2082 2681 1206 2232 1206 2317 1206 1334 579 0.0 2578 2318 3079 
5842 1292 1543 2754 1402 1025 1731 2245 1472 1078 2574 2020 2842 2235 2554 1381 1597 696 1747 655 1778 1114 2671 2292 3094 1249 3701 2140 1562 2973 1093 569 2231 3701 2629 2016 1104 1159 408 1007 1419 1566 1419 1651 1419 3094 2072 3164 0.0 644 661 
6490 913 2073 2183 2051 557 2379 1744 1093 699 2195 1759 2861 2372 1983 1002 1218 51 1368 1520 1408 735 3320 1753 2522 984 3211 1478 1698 2992 1742 101 1852 3211 3277 1637 493 780 427 736 1153 2214 1153 2299 1153 2522 1726 2674 775 0.0 1310 
5993 2199 2261 3601 1553 1931 1882 3091 2725 1985 3481 2866 3189 3081 3400 2812 2806 1603 3083 1502 2624 2021 2822 3138 3940 2355 4548 2986 2408 3320 1244 1476 3548 4548 2780 2923 2011 2065 1315 1914 2525 1717 2525 1802 2525 3940 2918 4011 1033 1551 0.0 
