-1.51158 47.2221 -1.510641 47.2195302 282576803
1
100 
50
15 5 7 12 -1.53845 47.2028 -1.5377468 47.2025022 652575505
5 5 7 12 -1.56082 47.2152 -1.5608376 47.2154911 3164616065
8 5 7 10 -1.54912 47.2201 -1.5492266 47.2200708 571479563
30 5 7 10 -1.5716 47.2076 -1.5688635 47.2084025 309249456
6 10 16 20 -1.55918 47.2245 -1.5591568 47.224659 1567182292
38 10 7 12 -1.56348 47.2125 -1.5631874 47.2127098 2613852940
34 10 6 9 -1.5604 47.2223 -1.5601419 47.2222792 287952517
21 5 14 17 -1.55632 47.2138 -1.5567027 47.2135841 4988076365
5 10 7 10 -1.55899 47.2122 -1.5591216 47.2120003 292672036
12 5 7 12 -1.56341 47.2193 -1.5634829 47.2192922 287727506
16 10 7 10 -1.57612 47.2109 -1.5761752 47.2110178 1737309104
22 5 9 12 -1.54648 47.213 -1.5464353 47.2133246 279635054
32 5 12 14 -1.56847 47.2097 -1.5685817 47.2098288 4071786984
20 10 7 12 -1.54919 47.2247 -1.5492844 47.2248002 302423356
44 5 16 20 -1.56184 47.2123 -1.5616218 47.2122012 292679470
15 5 14 17 -1.54777 47.2199 -1.5479611 47.21985 336121945
9 10 9 12 -1.55296 47.2149 -1.5524087 47.213367 1937262199
45 10 7 12 -1.5554 47.2053 -1.5554992 47.2052056 789716785
54 10 12 14 -1.54004 47.208 -1.5397335 47.2076151 2051049382
9 5 7 10 -1.56087 47.2137 -1.5619199 47.2145685 315258316
27 5 16 20 -1.56266 47.214 -1.5631458 47.2139591 315882178
9 5 9 12 -1.55489 47.2068 -1.5549024 47.2065155 359206256
7 5 6 9 -1.5484 47.2023 -1.5483481 47.2021997 360242913
15 10 16 20 -1.55157 47.2208 -1.5514647 47.2209031 290215540
24 5 12 14 -1.5299 47.2085 -1.529853 47.208173 272118332
17 10 7 10 -1.55156 47.2157 -1.5510802 47.2158321 290222086
35 10 7 10 -1.55132 47.2057 -1.550613 47.2057178 360242865
2 10 7 10 -1.55384 47.2182 -1.5539675 47.2181433 1205616375
44 5 9 12 -1.57077 47.2096 -1.5707129 47.2095563 309249444
8 5 9 12 -1.56268 47.2132 -1.562868 47.2133926 315882175
37 5 6 9 -1.54416 47.2212 -1.5437025 47.2213434 336115372
13 10 14 17 -1.57471 47.2205 -1.5747876 47.2205459 3164523484
30 10 7 10 -1.55613 47.217 -1.5555502 47.2171345 2483837221
11 5 9 12 -1.55937 47.2219 -1.5592456 47.2219182 120165974
6 10 16 20 -1.5687 47.2118 -1.5693164 47.2117256 296394114
13 5 6 9 -1.55914 47.2063 -1.5590328 47.2060918 279634890
16 10 6 9 -1.53735 47.22 -1.5370046 47.2201531 4450393698
24 5 9 12 -1.56546 47.2121 -1.5655209 47.2120357 292314348
6 10 14 17 -1.56565 47.2042 -1.56588 47.2041241 2870930675
40 10 7 12 -1.53902 47.2201 -1.5391814 47.2199711 315774905
37 5 14 17 -1.55533 47.2163 -1.5564549 47.2161169 3133171783
17 10 12 14 -1.55213 47.2174 -1.5518625 47.2176254 339037610
17 10 12 14 -1.56425 47.212 -1.5646666 47.2117554 292302287
13 5 7 10 -1.56253 47.2136 -1.562868 47.2133926 315882175
11 5 6 9 -1.56008 47.2144 -1.5606888 47.2149608 315258292
11 5 7 10 -1.555 47.2215 -1.5551167 47.2213703 289490502
37 5 7 10 -1.54793 47.2141 -1.5484646 47.2139206 292687577
38 5 9 12 -1.55163 47.2068 -1.5520395 47.2068104 796994215
40 10 7 12 -1.551 47.2186 -1.5509195 47.2185079 3164397861
8 5 7 10 -1.55434 47.2145 -1.5552377 47.2141132 3401509544
0.0 360 492 391 498 487 523 539 463 433 549 559 358 499 359 463 395 409 418 324 486 487 420 393 430 253 440 389 459 515 518 351 576 463 503 523 456 311 506 480 347 448 448 500 518 491 474 352 399 420 419 
355 0.0 296 338 286 375 331 425 260 229 354 346 198 287 379 259 341 214 147 87 282 283 149 92 349 123 260 130 288 303 314 310 421 267 363 315 186 328 303 209 310 252 292 308 314 289 335 210 146 308 223 
478 301 0.0 209 180 164 143 160 77 76 65 162 198 158 193 80 142 111 171 244 58 72 158 219 143 319 109 196 86 163 103 186 153 62 145 149 198 291 114 234 244 41 98 121 103 42 124 147 184 109 69 
418 351 175 0.0 282 133 255 186 147 177 190 319 188 283 85 191 20 125 231 293 189 195 217 278 48 366 81 255 68 290 226 63 302 96 122 277 257 168 226 293 121 115 57 233 226 174 93 197 243 29 131 
478 285 153 357 0.0 311 99 294 147 116 199 84 240 25 341 101 290 174 149 258 131 131 152 188 288 333 218 173 234 40 161 333 221 211 295 52 115 384 92 114 344 190 246 77 161 146 274 211 179 256 162 
485 386 151 170 276 0.0 262 52 169 195 111 258 238 254 120 199 144 174 266 329 177 181 253 313 101 405 128 290 108 259 208 187 225 116 36 246 293 293 233 329 246 126 117 240 208 161 51 233 279 115 155 
463 279 53 259 113 215 0.0 212 72 42 117 140 210 91 242 23 192 123 134 234 31 32 121 182 189 310 144 159 135 96 61 235 170 111 196 83 161 340 32 188 285 90 148 39 61 46 175 159 147 158 88 
518 396 131 203 255 112 242 0.0 176 175 90 237 271 234 154 178 177 206 270 339 157 161 256 317 134 414 160 294 141 239 187 220 208 149 16 225 296 326 213 330 279 136 150 220 187 140 84 243 283 148 165 
424 246 88 210 194 172 167 216 0.0 90 145 247 144 196 199 104 143 56 126 189 102 108 112 173 146 264 71 150 87 203 139 186 241 65 161 189 152 278 138 189 212 44 99 145 139 87 132 93 139 109 15 
423 240 66 240 104 203 102 208 30 0.0 132 165 171 105 230 29 173 83 95 195 52 53 81 142 177 270 101 119 118 121 84 217 191 95 189 123 121 308 73 157 243 75 129 80 84 59 163 120 108 140 46 
536 358 93 223 196 112 182 95 138 137 0.0 178 256 174 174 129 197 168 232 301 98 101 218 279 154 376 166 256 143 179 127 241 141 119 111 165 258 346 153 270 299 98 156 160 127 102 104 205 245 166 127 
537 345 141 351 59 273 131 256 204 173 161 0.0 299 60 316 155 284 233 208 317 137 132 212 247 285 393 251 233 227 35 143 327 157 203 267 81 174 433 124 174 386 183 240 109 143 147 246 270 238 251 211 
341 210 183 250 245 262 250 312 155 148 241 306 0.0 246 289 178 228 101 177 137 197 201 165 182 236 210 147 148 176 262 232 222 337 154 250 270 205 247 221 239 222 140 179 228 232 182 222 32 146 195 110 
503 311 131 336 43 289 77 272 150 119 177 80 266 0.0 319 101 269 200 175 284 109 109 178 213 266 359 221 199 213 36 139 313 211 188 273 27 141 410 70 140 363 168 225 55 139 123 252 236 204 236 165 
364 422 229 77 336 152 303 204 205 231 212 341 258 333 0.0 240 80 202 302 362 237 243 288 349 70 390 158 326 141 338 274 110 324 152 144 325 328 183 274 365 168 162 134 281 274 222 115 269 315 106 191 
439 255 107 282 116 244 140 249 71 41 173 177 187 117 271 0.0 215 99 111 211 93 94 97 158 218 286 143 135 159 133 125 258 232 137 230 141 137 324 114 173 269 116 171 118 125 100 204 136 123 181 87 
398 360 242 67 349 200 322 253 214 244 257 386 183 350 108 259 0.0 182 287 287 256 262 274 334 115 355 148 311 135 357 293 43 369 163 189 344 314 148 293 350 101 182 124 300 293 241 160 196 300 96 194 
403 225 109 202 176 177 177 229 81 74 167 237 118 178 203 104 135 0.0 105 168 124 128 92 152 151 244 54 129 90 193 159 177 263 69 165 198 132 232 147 168 177 66 85 154 159 109 136 72 118 101 37 
437 157 183 324 139 291 185 325 147 117 249 199 202 140 318 146 257 130 0.0 130 170 170 36 59 265 205 176 45 204 155 201 299 308 183 279 167 38 355 178 62 299 168 207 163 201 176 250 166 62 224 139 
337 168 270 254 268 325 293 378 234 203 331 329 114 269 295 233 258 192 164 0.0 256 257 160 169 299 116 196 136 247 285 288 226 395 245 314 293 200 243 276 227 226 230 227 270 288 263 285 126 133 244 201 
476 292 21 231 143 186 92 182 76 52 87 158 220 122 215 37 164 132 148 248 0.0 19 134 195 165 323 131 172 108 127 50 207 157 83 167 113 174 313 62 210 266 63 120 69 50 14 146 169 160 131 91 
474 291 40 249 140 197 88 180 82 53 85 139 222 118 231 35 182 134 146 246 19 0.0 132 193 182 321 148 170 125 124 31 225 137 101 182 110 172 331 59 208 284 80 138 66 31 33 161 171 159 148 98 
428 158 147 288 152 254 181 289 111 80 212 213 179 153 281 110 221 93 13 122 133 133 0.0 60 228 197 140 37 168 169 165 263 271 147 243 181 40 318 153 76 263 132 171 159 165 140 214 130 26 187 103 
391 97 204 345 194 312 238 346 168 137 269 255 185 195 338 167 278 150 55 112 190 191 57 0.0 285 159 197 66 225 211 222 320 329 204 300 223 94 341 211 117 320 189 228 216 222 197 271 180 83 245 160 
446 359 178 114 285 121 258 173 150 180 177 307 196 286 118 194 47 133 238 301 192 198 225 286 0.0 374 88 263 70 293 229 91 289 98 109 279 265 196 228 301 149 118 65 235 229 177 80 205 251 37 133 
238 120 315 334 316 394 361 443 287 260 372 377 195 317 375 289 338 232 177 83 313 313 179 152 367 0.0 277 148 307 333 344 300 451 286 382 345 216 228 333 239 254 271 308 338 344 314 353 206 165 324 242 
417 272 112 148 219 129 192 181 84 114 169 271 110 220 152 128 81 46 152 214 126 132 138 199 103 287 0.0 176 51 227 163 124 265 62 117 213 178 224 162 214 159 62 31 169 163 111 88 119 165 47 55 
392 141 177 318 167 285 212 319 141 111 243 228 157 168 311 140 251 123 28 84 164 164 30 75 259 159 170 0.0 198 184 195 293 302 177 273 196 67 313 184 91 293 162 201 189 195 170 244 151 28 218 133 
467 300 117 136 224 112 197 164 89 119 168 276 159 225 138 134 69 93 180 244 131 137 167 228 85 319 49 205 0.0 232 168 113 271 38 100 219 207 218 168 243 171 57 38 175 168 116 71 147 193 36 73 
502 310 150 355 24 296 96 279 169 138 184 56 264 25 332 120 288 198 174 282 128 128 177 212 285 358 240 198 232 0.0 158 332 193 207 283 46 139 408 89 139 368 187 244 74 158 142 262 235 203 255 184 
461 278 48 254 127 205 75 188 71 40 93 147 209 105 237 22 187 121 133 233 26 8 119 180 184 308 142 157 131 111 0.0 230 145 106 190 97 159 336 46 195 284 86 143 53 0.0 41 169 158 146 154 86 
355 359 241 66 348 200 321 252 213 243 256 385 182 349 107 258 69 181 286 287 255 261 273 334 114 312 147 311 134 356 292 0.0 368 162 188 343 313 105 292 349 58 181 123 299 292 240 159 195 299 95 193 
583 402 119 322 198 214 195 197 192 164 113 172 318 178 273 146 262 230 257 357 115 118 244 305 253 433 228 281 205 174 145 305 0.0 181 213 169 275 411 166 274 364 161 218 173 145 125 203 267 270 228 189 
480 304 116 152 223 107 190 160 92 118 164 269 173 220 134 127 85 96 184 247 124 130 170 231 81 322 62 208 25 225 161 129 268 0.0 95 212 210 234 161 246 187 49 52 168 161 109 67 150 196 52 76 
502 380 115 187 239 96 226 79 160 159 74 221 255 218 138 162 161 190 254 323 141 145 240 301 118 398 144 278 125 223 171 204 192 133 0.0 209 280 310 196 314 263 120 134 203 171 124 68 227 267 132 149 
517 324 144 349 78 286 90 269 163 132 174 92 279 57 322 114 282 213 188 297 122 122 191 226 279 372 234 212 226 62 149 326 183 201 273 0.0 154 423 83 153 376 181 238 68 149 137 252 249 217 249 178 
468 198 186 328 124 294 171 329 151 120 252 184 219 125 321 150 261 133 53 162 173 173 39 100 268 237 179 77 208 140 204 303 306 186 282 152 0.0 358 163 64 302 172 211 148 204 179 254 169 66 227 142 
350 374 339 165 414 299 419 352 311 324 356 475 251 415 177 354 169 249 346 304 353 359 341 351 214 266 228 317 233 431 390 99 468 261 287 439 381 0.0 390 408 113 281 223 397 390 338 259 264 315 195 266 
519 326 123 332 81 262 92 245 165 134 150 108 281 59 297 116 265 215 190 299 119 114 193 229 266 374 232 214 209 64 124 309 186 184 249 50 156 414 0.0 155 367 164 221 70 124 128 228 252 219 232 180 
504 224 250 391 154 358 201 392 214 184 301 215 269 155 385 203 324 197 88 197 233 233 103 126 332 272 243 112 271 171 263 366 337 250 346 183 92 422 194 0.0 366 235 274 179 263 243 317 233 129 291 206 
347 351 262 149 350 280 342 333 234 247 320 410 174 351 185 277 152 173 278 278 276 282 265 325 197 263 151 302 202 366 313 107 416 214 269 364 305 67 313 341 0.0 214 182 320 313 261 240 187 291 178 189 
442 265 76 168 182 128 155 180 47 78 133 235 162 184 155 92 101 75 145 208 90 96 131 192 102 283 68 169 45 191 127 144 229 20 116 177 171 250 126 207 203 0.0 57 133 127 75 87 111 157 68 33 
448 314 139 116 246 110 219 162 111 141 166 296 152 247 120 156 49 89 194 257 153 159 181 242 83 330 42 218 32 254 190 93 278 60 98 241 221 198 190 257 151 79 0.0 197 190 138 69 161 207 16 94 
485 301 75 281 75 237 22 235 95 64 139 123 233 74 264 46 214 145 157 257 54 54 143 204 211 332 166 181 157 79 84 257 192 133 218 65 150 363 15 150 307 112 170 0.0 84 68 197 182 169 180 110 
461 278 48 254 127 205 75 188 71 40 93 147 209 105 237 22 187 121 133 233 26 8 119 180 184 308 142 157 131 111 0.0 230 145 106 190 97 159 336 46 195 284 86 143 53 0.0 41 169 158 146 154 86 
472 289 7 216 153 171 108 167 67 49 72 169 205 138 201 45 149 118 144 244 16 34 130 191 150 319 116 168 93 143 65 193 160 69 152 130 170 298 79 206 251 48 105 86 65 0.0 131 154 157 116 77 
434 347 132 119 257 49 228 102 130 157 109 239 199 235 69 165 105 135 227 290 158 162 214 274 62 366 89 251 69 240 188 149 221 77 41 226 254 252 199 290 207 88 78 206 188 141 0.0 194 240 76 116 
341 242 150 217 217 229 217 279 122 115 208 278 62 218 256 145 196 68 146 174 165 168 132 180 203 211 115 147 143 234 200 189 304 122 218 239 172 244 188 208 189 107 146 195 200 149 189 0.0 144 162 78 
404 155 173 314 178 281 207 315 137 106 238 239 154 180 307 136 247 119 39 98 159 160 26 87 254 174 166 28 194 195 191 289 298 173 269 207 66 310 180 102 289 158 197 185 191 166 240 149 0.0 214 129 
432 321 145 100 252 116 225 168 117 148 172 302 159 253 104 162 33 95 201 263 159 166 187 248 68 336 51 225 38 260 197 76 284 66 104 247 227 182 196 263 135 85 27 203 197 144 76 168 214 0.0 101 
427 249 72 194 179 157 152 201 44 74 130 231 147 180 184 89 127 42 129 193 86 92 116 177 131 268 55 154 72 187 124 171 226 49 145 174 156 263 123 192 197 29 83 130 124 71 117 96 142 94 0.0 
0.0 3524 4859 4692 5345 5784 5439 6222 4634 4797 5331 6098 3545 5346 4380 5045 4723 4181 4577 3396 5235 5228 4606 4201 5021 2488 4267 4180 5258 5476 5424 3802 7068 4588 5620 5542 4997 3289 5338 5384 3174 4504 5172 5285 5424 4841 5383 3653 4249 4939 4260 
3445 0.0 3230 3058 3196 3697 3379 3851 2954 2698 3359 3949 1856 3197 3438 2947 3243 2208 1812 829 3137 3130 1841 1100 3293 1169 2596 1402 2794 3327 3325 2824 4430 2616 3416 3428 2232 3255 3240 2620 2823 2532 2828 3225 3325 3170 3178 1982 1580 2965 2288 
4544 3109 0.0 1745 1509 1549 1044 1236 624 604 545 1691 1532 1319 1646 635 1187 926 1667 2509 479 567 1479 2267 1188 3297 878 2002 710 1365 762 1549 1430 511 1202 1248 1811 2609 850 2474 2037 344 793 889 762 340 1030 1276 1697 909 581 
4359 3501 1432 0.0 2318 1300 1958 1737 1206 1435 1585 3005 1467 2318 746 1549 133 1020 2200 2516 1526 1571 2012 2801 404 3263 657 2536 565 2263 1767 495 2670 787 1019 2146 2345 1554 1764 3008 983 963 480 1803 1767 1413 781 1668 2231 247 1060 
4930 3160 1176 2949 0.0 2520 732 2352 1225 969 1661 962 2444 210 2747 808 2391 1494 1457 2852 994 987 1397 2004 2270 3640 1785 1820 1931 340 1098 2753 2004 1625 2322 442 961 4053 661 1025 2910 1458 1997 577 1098 1116 2156 1845 1616 2113 1353 
5622 4008 1256 1598 2312 0.0 2028 437 1598 1587 913 2494 2088 2121 1222 1619 1389 1641 2707 3407 1463 1507 2519 3308 1031 4196 1251 3043 1091 2168 1594 1751 1970 1155 304 2051 2852 2810 1834 3514 2238 1243 1133 1873 1594 1324 607 2175 2738 1146 1480 
4793 3140 443 2127 845 1942 0.0 1660 607 351 969 1323 1661 655 2015 189 1569 1055 1383 2481 262 255 1195 1984 1538 3270 1167 1719 1092 701 366 1931 1555 893 1590 584 1528 2990 202 1526 2329 726 1175 241 366 383 1424 1406 1414 1291 735 
5722 3896 1085 1699 2140 870 1856 0.0 1436 1416 741 2322 2178 1949 1323 1448 1478 1713 2479 3295 1292 1335 2291 3080 1121 4084 1340 2815 1181 1996 1422 1840 1789 1244 133 1879 2624 2899 1663 2820 2328 1131 1223 1702 1422 1152 707 2063 2510 1235 1368 
4090 2655 727 1723 1611 1620 1252 1690 0.0 730 1198 2179 1078 1612 1693 844 1166 472 1355 2055 820 866 1166 1955 1216 2843 559 1690 705 1558 1061 1528 2157 539 1339 1441 1499 2292 1059 2162 1722 371 772 1098 1061 708 1102 823 1385 888 127 
4473 2819 531 1979 882 1876 734 1593 255 0.0 1076 1634 1340 882 1949 248 1422 734 1063 2160 438 431 875 1663 1472 2949 815 1398 961 1013 626 1784 1731 795 1533 923 1207 2611 541 1870 1978 627 1028 580 626 471 1357 1085 1093 1144 383 
5015 3581 769 1867 1642 859 1389 691 1121 1101 0.0 1824 2003 1451 1491 1052 1646 1398 2164 2980 820 837 1976 2764 1289 3768 1350 2499 1182 1498 924 2008 1221 983 824 1381 2308 3068 1196 2322 2496 815 1265 1235 924 837 876 1748 2194 1381 1052 
5615 3846 1491 3237 685 2408 1178 2240 1785 1529 1549 0.0 3130 685 2980 1367 2679 2181 2142 3537 1459 1325 2083 2690 2680 4325 2370 2506 2202 474 1360 3041 1471 2003 2537 863 1647 4100 1107 1711 3529 1835 2285 1023 1360 1539 2365 2531 2302 2401 2073 
3171 1784 1524 2045 2486 2334 2002 2488 1299 1268 1996 3238 0.0 2486 2407 1516 1881 846 1806 1195 1618 1699 1607 2052 1930 1942 1233 1408 1431 2617 1894 1810 2955 1253 2053 2683 1939 2295 1809 2613 1810 1169 1465 1848 1894 1506 1816 228 1390 1603 925 
5143 3373 990 2674 373 2335 546 2167 1153 898 1475 928 2657 0.0 2562 735 2116 1708 1670 3064 809 802 1610 2217 2085 3853 1713 2033 1639 307 913 2478 1827 1440 2137 231 1174 4266 475 1238 2876 1272 1722 392 913 930 1970 2058 1829 1838 1281 
4399 4158 1933 678 2825 1280 2417 1717 1748 1943 1806 3225 2165 2676 0.0 2008 709 1698 2857 3214 1985 2031 2669 3458 624 3710 1335 3192 1191 2722 2226 1010 2891 1305 1239 2605 3001 1712 2223 3664 1498 1392 1158 2263 2226 1873 1002 2325 2888 925 1630 
4604 2951 873 2321 979 2218 1072 1935 597 341 1418 1731 1472 979 2291 0.0 1763 866 1194 2292 780 773 1006 1795 1814 3080 1157 1530 1303 1109 968 2125 2073 1137 1875 1175 1339 2742 883 2002 2281 969 1370 918 968 813 1699 1217 1225 1485 725 
4226 3085 1990 557 2876 1858 2515 2295 1764 1993 2143 3562 1447 2876 937 2107 0.0 1518 2698 2496 2083 2129 2510 3299 962 3419 1215 3034 1123 2821 2325 361 3228 1345 1577 2704 2843 1421 2322 3505 849 1520 1037 2361 2325 1971 1339 1588 2729 804 1588 
3915 2481 909 1657 1511 1618 1387 2055 684 653 1381 2263 903 1511 1691 901 1099 0.0 1180 1880 1003 1084 992 1781 1214 2669 452 1515 715 1642 1280 1480 2340 537 1337 1576 1324 1940 1194 1987 1479 554 683 1233 1280 891 1099 648 1211 821 310 
4624 1868 1793 3003 1384 2899 1665 2855 1518 1262 2339 2136 1677 1384 2972 1510 2445 1410 0.0 1559 1700 1693 404 712 2495 2348 1798 528 1996 1514 1889 2826 2993 1818 2618 1616 419 3286 1594 807 2825 1734 2030 1511 1889 1733 2380 1761 623 2167 1490 
3327 1518 2941 2253 2958 3034 3052 3471 2665 2409 2982 3710 1051 2958 2633 2657 2284 1832 1531 0.0 2848 2841 1334 1778 2630 1049 1773 1134 2197 3089 3036 2019 4141 2239 2753 3154 1667 2451 2950 2339 2018 2155 2005 2897 3036 2881 2516 1177 1115 2142 1911 
4903 3250 181 1926 1095 1730 646 1417 607 438 726 1654 1713 905 1827 298 1369 1107 1493 2591 0.0 153 1305 2094 1370 3379 1060 1828 892 951 348 1731 1453 693 1383 834 1637 2790 452 2300 2218 525 975 491 348 121 1211 1458 1524 1091 762 
4876 3223 337 2040 1059 1573 609 1404 653 431 713 1500 1743 868 1958 271 1482 1138 1466 2564 153 0.0 1278 2066 1483 3352 1173 1801 1005 914 195 1844 1299 806 1514 797 1610 2903 415 2273 2332 638 1088 454 195 274 1343 1488 1497 1204 780 
4188 1944 1389 2599 1572 2494 1538 2451 1113 857 1934 2324 1402 1572 2567 1105 2041 1006 188 1554 1296 1289 0.0 788 2090 2343 1394 523 1591 1702 1484 2421 2589 1413 2213 1804 332 2882 1398 995 2421 1329 1625 1383 1484 1329 1976 1356 218 1763 1085 
4113 1156 2130 3340 2096 3235 2279 3192 1854 1598 2675 2849 1737 2097 3308 1846 2782 1747 712 1557 2037 2030 741 0.0 2831 1838 2135 865 2332 2227 2225 3163 3330 2154 2954 2328 1132 3646 2140 1520 3162 2070 2366 2125 2225 2070 2717 1965 959 2504 1826 
4621 3567 1433 953 2319 1171 1958 1609 1207 1436 1457 2876 1533 2319 1024 1550 395 1085 2266 2581 1526 1572 2078 2866 0.0 3328 738 2601 566 2264 1768 757 2542 788 890 2147 2410 1816 1765 3073 1245 963 545 1804 1768 1414 653 1734 2296 312 1061 
2325 1142 3284 3243 3580 4093 3763 4247 3058 3082 3755 4332 2041 3580 3623 3330 3274 2605 2196 1015 3521 3514 2224 1819 3689 0.0 2763 1799 3190 3711 3709 2940 4814 3012 3812 3812 2615 2163 3623 3003 2380 2928 2995 3608 3709 3265 3575 2167 1977 3132 2684 
3862 2871 896 1205 1782 1260 1421 1698 670 899 1367 2349 837 1782 1276 1013 647 390 1570 1886 989 1035 1382 2171 856 2633 0.0 1906 423 1727 1231 1009 2327 486 979 1610 1715 1874 1228 2378 1304 488 231 1267 1231 877 742 1038 1601 369 432 
4095 1631 1815 3024 1781 2920 1964 2877 1539 1283 2360 2533 1149 1781 2993 1531 2467 1432 397 1031 1722 1715 425 998 2516 1819 1819 0.0 2017 1912 1910 2847 3015 1839 2639 2013 816 3058 1824 1204 2846 1755 2051 1809 1910 1755 2402 1377 233 2189 1511 
4271 3070 949 1139 1835 1118 1475 1556 724 953 1404 2402 1246 1835 1191 1066 581 740 1770 2470 1043 1089 1581 2370 714 3258 408 2105 0.0 1780 1284 943 2380 304 837 1663 1914 2002 1281 2577 1431 480 291 1320 1284 931 600 1238 1800 303 577 
5141 3371 1148 2831 211 2511 704 2343 1311 1055 1651 724 2656 211 2984 893 2273 1706 1668 3063 966 959 1609 2215 2242 3851 1871 2031 1796 0.0 1070 2635 1766 1597 2540 389 1172 4265 633 1237 3121 1430 1879 549 1070 1088 2368 2057 1827 1995 1439 
4776 3123 404 2085 959 1639 509 1471 590 334 780 1567 1644 768 1973 171 1527 1038 1366 2464 211 66 1178 1967 1496 3252 1149 1702 1050 815 0.0 1889 1366 851 1581 698 1511 2948 315 2173 2312 684 1133 355 0.0 333 1409 1388 1397 1249 717 
3864 3079 1984 551 2869 1851 2509 2289 1758 1987 2137 3556 1441 2870 1009 2101 582 1512 2692 2490 2077 2123 2504 3293 956 3057 1208 3027 1117 2815 2318 0.0 3222 1339 1570 2698 2837 1059 2316 3499 487 1514 1031 2355 2318 1965 1333 1581 2723 798 1582 
7115 4465 1313 2950 2032 1758 1753 1589 1889 1673 1217 1962 2846 1802 2574 1514 2501 2240 2708 3806 1281 1299 2520 3309 2372 4595 2192 3044 2024 1821 1386 2863 0.0 1825 1723 1731 2608 3923 1559 2673 3351 1658 2107 1599 1386 1362 1959 2590 2739 2223 1895 
4383 3097 956 1272 1848 1080 1440 1518 771 966 1366 2367 1358 1699 1154 1032 714 767 1796 2497 1008 1054 1608 2397 676 3285 520 2132 214 1746 1249 1076 2354 0.0 799 1629 1941 2135 1247 2604 1564 416 403 1286 1249 896 562 1265 1827 436 604 
5589 3763 951 1565 2007 736 1723 568 1303 1283 608 2189 2044 1816 1189 1314 1345 1579 2346 3162 1158 1202 2158 2946 987 3950 1207 2681 1048 1863 1289 1707 1656 1111 0.0 1746 2490 2766 1529 2687 2195 997 1090 1569 1289 1019 574 1930 2376 1102 1234 
5252 3482 1099 2782 667 2340 655 2172 1262 1006 1481 842 2766 476 2813 844 2225 1817 1779 3173 918 910 1719 2326 2193 3962 1822 2142 1748 523 1193 2587 1595 1549 2370 0.0 1283 4375 584 1347 2984 1381 1831 500 1193 1039 2198 2167 1938 1947 1390 
4519 2276 1720 2930 1042 2826 1324 2782 1445 1189 2266 1795 1733 1043 2899 1437 2372 1337 519 1886 1627 1620 331 1120 2422 2674 1725 854 1923 1173 1815 2753 2706 1745 2545 1274 0.0 3213 1253 717 2752 1661 1956 1170 1815 1660 2307 1688 550 2094 1417 
3173 3532 2789 1563 4359 2863 3315 3300 2564 2737 3149 5112 2013 4360 1651 2985 1593 2083 3679 2804 2883 2929 3482 3926 1967 2497 1900 3282 2129 4490 3124 1011 4233 2350 2582 4556 3815 0.0 3121 4486 943 2526 2043 3161 3124 2771 2345 2153 3263 1810 2190 
5228 3458 981 2727 643 2067 631 1899 1238 982 1208 1120 2742 452 2470 820 2169 1793 1755 3149 949 815 1695 2302 2170 3938 1860 2118 1692 499 850 2531 1661 1493 2027 382 1259 3590 0.0 1323 3019 1325 1775 477 850 1029 1855 2143 1914 1891 1366 
5521 2766 2691 3901 1441 3796 1722 3753 2415 2159 2651 2193 2575 1441 3869 1799 3343 2308 1063 2457 1985 1978 1302 1610 3392 3245 2696 1426 2893 1571 2089 3724 3105 2715 3515 1673 1013 4184 1651 0.0 3723 2631 2927 1568 2089 2631 3278 2658 1520 3065 2387 
3146 3011 2150 1222 2955 2521 2675 2959 1924 2097 2621 3707 1373 2955 1717 2345 1253 1444 2624 2422 2243 2289 2436 3225 1627 2469 1261 2960 1684 3086 2484 1077 3580 1747 2240 2864 2769 564 2482 3432 0.0 1749 1492 2521 2484 2131 2003 1514 2655 1470 1550 
4244 2809 625 1401 1511 1248 1150 1686 399 628 1096 2077 1232 1511 1321 742 843 626 1508 2209 718 764 1320 2109 844 2997 534 1844 366 1456 960 1205 2056 167 967 1339 1653 2264 957 2316 1693 0.0 449 996 960 606 730 977 1539 565 281 
4641 3109 1132 973 2018 1102 1657 1540 906 1135 1388 2807 1075 2018 1044 1249 415 628 1808 2124 1225 1271 1620 2409 698 2871 238 2144 265 1963 1467 777 2473 487 821 1846 1953 1836 1464 2616 1265 662 0.0 1503 1467 1113 584 1277 1839 137 760 
4948 3294 598 2281 610 2096 154 1814 761 505 1123 1204 1815 535 2169 343 1724 1210 1538 2636 417 409 1350 2138 1692 3424 1321 1873 1247 582 520 2086 1709 1048 1744 465 1226 3145 83 1290 2483 880 1330 0.0 520 538 1578 1560 1568 1446 889 
4776 3123 404 2085 959 1639 509 1471 590 334 780 1567 1644 768 1973 171 1527 1038 1366 2464 211 66 1178 1967 1496 3252 1149 1702 1050 815 0.0 1889 1366 851 1581 698 1511 2948 315 2173 2312 684 1133 355 0.0 333 1409 1388 1397 1249 717 
4859 3206 60 1805 1269 1609 785 1296 534 386 605 1751 1592 1044 1706 358 1247 986 1449 2547 139 277 1261 2050 1248 3336 938 1785 770 1091 473 1609 1490 571 1262 974 1594 2669 591 2257 2097 404 854 631 473 0.0 1090 1336 1480 969 641 
5014 3502 1097 991 2153 598 1761 1035 1091 1286 915 2335 1582 1962 615 1352 882 1134 2201 2901 1304 1348 2013 2801 525 3689 744 2536 585 2009 1435 1244 2000 648 349 1892 2345 2327 1567 3008 1732 736 627 1606 1435 1165 0.0 1669 2231 639 973 
3356 2669 1296 1816 1897 2105 1774 2260 1070 1039 1767 2649 486 1897 2178 1287 1652 617 1566 1571 1389 1470 1378 2012 1701 2127 1005 1368 1202 2028 1666 1582 2726 1024 1824 1962 1711 2042 1580 2373 1581 940 1236 1619 1666 1277 1587 0.0 1349 1374 696 
3916 1800 1608 2817 1791 2713 1757 2670 1332 1076 2153 2543 1130 1791 2786 1324 2260 1225 406 1199 1515 1508 218 1007 2309 1988 1612 233 1810 1921 1703 2640 2808 1632 2432 2022 551 3040 1617 1214 2639 1548 1844 1602 1703 1548 2195 1358 0.0 1982 1304 
4503 3254 1185 835 2071 1155 1710 1593 959 1188 1441 2860 1220 2071 907 1302 277 773 1953 2268 1278 1324 1765 2554 565 3016 410 2289 318 2016 1520 639 2526 540 874 1899 2098 1699 1517 2761 1127 716 233 1556 1520 1166 637 1421 1984 0.0 813 
4098 2664 599 1596 1485 1492 1125 1563 373 602 1070 2052 1086 1485 1565 716 1038 333 1363 2063 693 738 1175 1964 1088 2852 432 1698 578 1430 934 1400 2030 411 1211 1313 1507 2164 931 2170 1594 243 644 970 934 580 974 831 1394 760 0.0 
