-1.49735 47.2467 -1.498809 47.2466971 4423345823
1
100 
50
22 5 9 12 -1.54508 47.2021 -1.5450284 47.2018985 309437622
12 5 7 10 -1.56041 47.2241 -1.5591568 47.224659 1567182292
34 10 6 9 -1.55209 47.2169 -1.551836 47.216706 339037624
29 10 7 10 -1.54623 47.2115 -1.5454809 47.2117186 292842869
20 10 6 9 -1.56241 47.2152 -1.5630876 47.2151297 315258306
2 10 14 17 -1.53875 47.2202 -1.5391814 47.2199711 315774905
29 5 16 20 -1.546 47.2011 -1.5456505 47.2009194 652535143
28 5 7 12 -1.56532 47.2222 -1.5651534 47.2221917 287952526
25 10 7 12 -1.54231 47.2076 -1.5421464 47.2075145 365379438
10 5 12 14 -1.54125 47.2163 -1.5411982 47.2160531 279635094
20 5 7 12 -1.56411 47.2148 -1.5643279 47.2149217 315882180
11 5 14 17 -1.57502 47.2205 -1.5747876 47.2205459 3164523484
12 10 9 12 -1.55169 47.2166 -1.5514806 47.2163046 3141438537
34 5 12 14 -1.56695 47.2048 -1.5670209 47.2048664 5769052264
5 10 7 12 -1.55914 47.2214 -1.5591799 47.2216509 1763562010
6 5 6 9 -1.5606 47.216 -1.560867 47.2155924 1976600453
39 5 16 20 -1.56414 47.2313 -1.5641045 47.2311596 595710605
29 5 7 12 -1.55269 47.2272 -1.5523737 47.2271841 283441888
16 5 7 10 -1.55634 47.2177 -1.5563165 47.2177724 335605761
23 10 7 10 -1.56348 47.2125 -1.5631874 47.2127098 2613852940
24 10 7 10 -1.55618 47.2051 -1.5564435 47.2051079 291115039
9 10 9 12 -1.55944 47.2255 -1.5595577 47.2257317 285972441
34 5 12 14 -1.55941 47.2119 -1.5591216 47.2120003 292672036
30 5 9 12 -1.57529 47.2199 -1.5754277 47.2206267 291356008
30 10 12 14 -1.56425 47.212 -1.5646666 47.2117554 292302287
10 10 16 20 -1.53578 47.2156 -1.5355947 47.2156249 1556271482
37 5 14 17 -1.56833 47.209 -1.56843 47.2090508 1659601648
15 5 16 20 -1.54336 47.2262 -1.5425873 47.2271465 277456640
29 10 9 12 -1.53593 47.2213 -1.5361017 47.2215143 297686608
12 5 7 10 -1.54666 47.2203 -1.5457954 47.2206091 281121882
2 10 16 20 -1.56254 47.2153 -1.5630876 47.2151297 315258306
23 5 7 10 -1.54827 47.2051 -1.5480813 47.2050942 360242871
4 10 14 17 -1.57059 47.2101 -1.5705622 47.2099033 664236546
1 5 7 10 -1.56191 47.2207 -1.5619707 47.2208756 566734407
19 10 9 12 -1.55293 47.2196 -1.5528086 47.2198233 2859189901
7 10 9 12 -1.54825 47.2051 -1.5480813 47.2050942 360242871
49 5 6 9 -1.56323 47.2201 -1.562828 47.2204958 3273097396
8 10 14 17 -1.56338 47.2147 -1.5633432 47.2144657 315882179
33 10 9 12 -1.56523 47.2185 -1.5653143 47.2185256 3157800969
15 5 7 10 -1.55413 47.2181 -1.5539675 47.2181433 1205616375
31 10 7 12 -1.55835 47.2167 -1.5572152 47.2175279 3383262061
19 10 12 14 -1.56295 47.2136 -1.562868 47.2133926 315882175
32 10 6 9 -1.54941 47.2233 -1.5495633 47.2237145 302423467
22 10 7 10 -1.54336 47.206 -1.5438317 47.2059093 1376490270
38 10 7 10 -1.52872 47.2105 -1.5287672 47.2103909 2323029363
20 5 7 12 -1.54978 47.203 -1.5501223 47.2030792 360242850
15 10 7 10 -1.55656 47.2064 -1.556527 47.2063456 1421448541
10 5 7 12 -1.55225 47.2041 -1.5519306 47.2039936 3389149395
12 5 6 9 -1.56552 47.2042 -1.56588 47.2041241 2870930675
6 10 7 10 -1.56437 47.2185 -1.5636429 47.2186631 287727486
0.0 594 538 512 539 644 454 599 615 568 507 655 628 518 730 555 619 494 453 524 698 648 526 620 686 676 452 705 356 378 439 644 600 728 591 501 600 610 645 635 511 536 669 428 576 430 629 654 623 705 620 
596 0.0 307 206 139 237 315 39 342 82 201 246 362 199 176 295 229 357 366 214 272 93 307 171 356 250 189 219 376 321 295 237 34 243 292 256 34 297 231 297 220 207 255 342 63 169 69 105 58 151 282 
533 325 0.0 114 261 161 246 317 123 317 299 160 225 120 354 40 134 62 142 99 262 271 12 195 235 240 318 266 175 260 166 161 278 254 72 87 278 91 188 138 108 104 208 138 298 406 302 268 289 329 123 
528 224 115 0.0 147 149 169 217 190 216 198 165 277 6 254 104 124 165 171 50 203 171 115 125 271 181 204 222 170 183 89 149 178 233 140 63 178 158 150 184 37 62 174 136 198 292 201 167 188 228 168 
536 150 274 173 0.0 214 203 143 309 117 99 223 339 167 232 263 197 324 315 181 237 149 274 148 333 215 87 205 266 219 186 214 103 228 260 223 103 264 208 265 188 174 232 257 123 175 138 155 127 207 249 
624 242 185 116 216 0.0 265 231 147 246 234 42 158 123 247 166 22 235 247 91 101 164 185 66 152 79 260 143 266 279 185 0.0 208 131 117 139 208 108 27 98 107 84 51 232 228 348 194 160 181 221 82 
447 337 280 165 198 288 0.0 329 355 285 205 304 416 158 366 269 263 330 228 215 342 283 280 247 410 320 150 342 130 35 104 288 290 365 305 208 290 323 289 332 202 227 313 175 293 215 314 279 301 341 316 
609 25 330 228 164 222 334 0.0 348 107 226 231 347 222 161 318 223 380 389 236 256 78 330 155 341 234 215 204 397 347 318 222 60 227 300 279 60 304 216 300 243 230 240 365 88 182 29 90 42 135 284 
609 342 134 190 312 133 322 334 0.0 334 315 132 129 196 348 137 121 186 229 172 235 282 147 182 164 213 354 238 251 336 242 133 295 226 53 163 295 32 160 62 184 166 180 214 315 441 312 278 299 323 63 
574 104 317 216 116 249 261 97 352 0.0 157 258 374 210 188 306 239 367 373 224 284 106 317 183 368 262 145 231 324 277 244 249 58 255 303 266 58 307 243 308 231 217 267 315 33 148 92 117 81 163 292 
506 202 293 184 91 240 200 195 328 163 0.0 255 368 178 285 282 216 343 312 200 282 202 293 179 362 259 57 257 263 189 183 240 156 280 279 242 156 284 240 284 207 193 264 254 171 150 190 207 179 259 269 
635 254 189 128 227 11 277 243 138 258 246 0.0 129 134 235 174 34 219 256 103 113 175 193 77 124 91 271 125 277 291 197 11 219 113 108 151 219 99 38 89 118 96 58 240 239 359 206 172 193 209 74 
631 341 214 215 314 98 364 330 110 345 333 97 0.0 221 300 216 121 181 306 190 195 263 210 164 106 173 359 190 327 378 284 98 306 169 133 238 306 111 125 105 205 183 145 290 326 446 293 259 280 274 110 
534 218 121 6 140 142 166 211 196 210 192 159 270 0.0 247 110 118 171 177 57 196 164 121 119 264 174 198 216 176 189 95 142 171 227 146 69 171 165 144 186 43 69 168 142 191 285 195 161 182 222 171 
757 187 382 281 266 270 390 176 380 209 323 265 361 275 0.0 371 276 432 442 289 225 107 382 208 355 203 316 171 451 425 371 270 163 194 352 331 163 347 265 337 296 282 287 417 190 331 139 124 126 102 322 
547 315 105 127 275 121 259 307 122 307 289 120 200 134 336 0.0 94 155 167 112 222 256 105 155 194 200 327 226 189 273 180 121 268 214 73 101 268 77 148 100 122 117 167 152 288 415 286 252 273 310 85 
622 298 176 168 271 55 317 287 124 302 286 55 152 174 278 161 0.0 230 242 143 157 220 180 121 146 135 316 169 264 331 237 55 264 157 95 176 264 86 83 76 158 136 102 227 283 403 250 216 237 253 60 
490 375 62 164 311 223 296 367 139 367 349 223 177 170 404 102 197 0.0 147 149 317 321 50 246 235 295 368 322 225 310 216 223 328 301 135 137 328 153 251 201 158 154 270 188 348 456 352 318 339 379 185 
453 388 109 173 318 270 216 381 232 380 362 269 317 179 418 149 243 150 0.0 163 330 335 109 259 344 308 317 356 95 190 145 270 342 361 182 121 342 200 278 247 169 167 302 81 362 382 365 331 352 392 232 
546 232 106 48 195 120 187 225 181 224 206 137 253 54 262 95 102 156 166 0.0 174 179 106 103 247 152 244 200 188 201 107 120 186 204 131 55 186 149 122 174 25 11 146 151 206 332 209 175 196 236 159 
653 218 215 145 191 45 285 207 178 222 225 54 170 149 213 196 55 260 275 116 0.0 140 215 42 164 39 236 103 294 308 214 45 184 91 148 168 184 139 39 129 135 103 61 259 203 323 170 136 157 188 114 
670 100 287 186 179 179 295 89 305 122 228 188 304 179 82 275 181 337 346 194 180 0.0 287 113 298 158 230 125 356 330 275 179 76 149 257 236 76 262 173 257 200 187 197 322 103 244 52 17 39 57 241 
524 325 12 114 261 173 246 317 132 317 299 173 217 120 354 52 147 50 130 99 267 271 0.0 196 247 245 318 279 175 260 166 173 278 267 85 87 278 103 201 151 108 104 220 138 298 406 302 268 289 329 135 
634 178 203 114 152 66 243 167 192 183 185 75 191 107 183 189 68 253 263 104 102 100 203 0.0 185 80 196 96 276 278 195 66 144 120 144 152 144 148 60 144 118 92 84 242 164 284 130 96 117 157 128 
637 347 220 221 320 104 370 336 116 351 339 103 5 227 306 222 127 187 312 196 201 268 216 170 0.0 178 364 196 333 384 290 104 312 175 138 244 312 117 131 110 211 189 151 296 332 452 299 265 286 280 116 
675 240 237 167 214 67 307 229 200 244 247 76 192 172 175 218 77 282 297 138 22 162 237 64 186 0.0 258 67 317 330 236 67 206 74 170 190 206 162 61 152 157 126 84 281 226 346 192 158 179 150 136 
448 198 331 215 86 262 159 190 367 158 54 271 387 209 280 320 255 381 325 239 285 197 331 195 381 262 0.0 252 227 132 215 262 151 276 318 279 151 323 256 323 246 233 280 285 166 93 185 202 174 254 308 
731 255 308 253 238 148 375 244 249 277 293 137 205 255 171 296 163 320 377 224 108 175 315 147 199 86 282 0.0 398 410 323 148 231 23 227 276 231 218 148 208 244 212 170 361 258 370 207 171 194 146 193 
358 376 206 156 268 288 146 368 285 355 277 298 379 162 405 199 263 248 97 168 342 322 206 264 373 319 222 361 0.0 95 83 288 329 372 235 145 329 253 289 279 154 180 313 72 349 287 353 318 340 380 263 
423 324 272 208 213 337 86 317 347 285 181 354 441 208 407 261 313 322 193 220 392 324 272 297 435 369 126 379 95 0.0 93 337 278 402 297 197 278 315 339 341 206 232 363 164 293 192 312 329 301 381 325 
438 324 178 114 184 246 79 316 253 272 251 262 347 120 353 167 221 228 128 126 300 270 178 222 341 278 220 319 80 93 0.0 246 277 330 203 103 277 221 247 247 112 138 271 70 279 285 300 266 288 328 231 
624 242 185 116 216 0.0 265 231 147 246 234 42 158 123 247 166 22 235 247 91 101 164 185 66 152 79 260 143 266 279 185 0.0 208 131 117 139 208 108 27 98 107 84 51 232 228 348 194 160 181 221 82 
611 58 288 187 121 202 297 50 323 63 182 211 327 181 141 277 204 338 348 195 237 59 288 136 321 215 171 184 358 303 277 202 0.0 208 274 237 0.0 279 196 279 202 188 220 324 44 185 34 70 23 116 263 
729 253 285 242 236 125 373 242 226 275 291 113 182 248 169 272 147 297 353 216 101 173 291 143 176 79 280 42 375 404 311 125 229 0.0 204 264 229 195 140 185 232 205 147 338 256 368 205 169 192 144 169 
556 324 81 136 283 126 268 316 71 316 297 125 176 142 341 83 103 143 176 121 228 264 93 164 195 205 336 231 198 282 188 126 277 219 0.0 110 277 39 153 86 130 126 173 161 297 423 294 260 282 315 71 
529 277 98 52 199 181 170 269 173 269 250 186 266 58 306 86 156 148 150 61 235 223 98 157 260 213 256 254 171 184 90 181 230 265 122 0.0 230 141 182 166 47 73 206 135 250 344 253 219 240 280 151 
611 58 288 187 121 202 297 50 323 63 182 211 327 181 141 277 204 338 348 195 237 59 288 136 321 215 171 184 358 303 277 202 0.0 208 274 237 0.0 279 196 279 202 188 220 324 44 185 34 70 23 116 263 
577 309 102 157 280 101 289 302 44 301 283 100 148 164 316 104 88 165 197 140 202 250 115 149 155 180 321 206 219 303 210 101 263 194 21 131 263 0.0 128 47 152 133 147 182 282 409 280 246 267 290 31 
636 255 190 129 228 12 278 244 139 259 247 15 130 135 250 175 35 220 257 104 114 176 194 78 125 92 272 140 278 292 198 12 220 128 109 152 220 100 0.0 90 119 97 63 241 240 360 207 173 194 224 75 
628 338 153 194 309 97 340 328 62 330 311 96 114 200 298 155 117 195 248 169 193 261 165 163 108 171 350 188 270 354 260 97 291 167 72 182 291 63 124 0.0 184 162 143 233 311 437 291 257 278 272 52 
530 239 112 35 182 143 171 232 187 231 213 159 271 41 268 100 118 162 171 23 197 186 112 119 265 175 240 216 172 185 91 143 193 227 136 61 193 155 144 180 0.0 35 168 138 212 327 216 182 203 243 165 
550 220 111 60 191 108 199 213 186 213 194 125 241 66 250 100 90 161 171 12 162 167 111 91 235 140 232 188 192 213 119 108 174 193 136 68 174 154 110 162 37 0.0 134 155 194 320 197 163 184 224 147 
648 216 205 140 190 27 284 205 154 221 223 30 145 146 221 190 50 235 270 111 75 138 209 40 140 53 234 118 290 303 209 27 182 105 124 163 182 115 15 105 131 99 0.0 255 202 322 168 134 155 195 90 
427 363 158 148 289 247 183 355 233 355 337 246 326 154 392 146 220 208 58 137 305 309 158 234 320 283 292 331 69 165 104 247 316 335 182 95 316 201 252 226 143 142 277 0.0 336 357 340 305 327 367 211 
580 73 297 196 122 229 267 77 332 32 163 239 354 190 169 286 220 347 357 204 264 86 297 163 349 242 151 212 330 283 250 229 38 235 283 246 38 287 224 288 211 197 248 321 0.0 154 72 98 61 143 272 
426 163 429 314 185 360 214 169 463 137 153 370 485 308 300 417 351 479 380 336 384 217 429 294 480 361 98 343 282 187 280 360 169 366 414 377 169 419 355 419 342 329 379 351 145 0.0 199 229 193 274 404 
632 48 300 199 145 192 308 37 318 88 207 201 317 192 131 288 194 350 359 207 227 48 300 126 311 204 196 174 369 328 288 192 41 197 270 249 41 275 186 270 213 200 210 335 69 205 0.0 60 12 105 254 
665 112 269 168 166 161 278 100 288 124 210 171 286 162 105 258 163 319 329 176 194 22 269 95 280 172 216 139 338 313 258 161 86 162 239 218 86 244 155 239 183 169 179 305 106 246 63 0.0 51 80 224 
632 61 287 186 141 179 295 49 306 83 202 188 304 180 118 276 181 337 347 194 214 35 287 113 298 192 191 161 356 323 276 179 36 185 257 236 36 262 173 257 200 187 197 322 64 205 12 47 0.0 93 241 
733 163 358 257 242 246 366 152 356 184 299 241 337 250 25 346 252 408 417 265 201 82 358 184 331 179 292 146 427 401 346 246 138 170 328 307 138 323 240 313 271 258 263 393 166 306 115 100 102 0.0 297 
607 317 132 173 287 101 319 309 64 309 290 100 130 179 314 134 96 194 227 148 202 257 144 157 124 180 329 204 249 333 239 101 270 183 51 161 270 42 128 15 163 141 147 212 290 416 287 253 275 288 0.0 
0.0 8877 7136 6623 5807 7680 4830 9051 7622 8701 5392 7803 8419 6675 10650 6973 7487 6889 6105 6720 8001 9749 6998 7479 8674 7847 4824 7773 5104 4232 6015 7680 9219 7973 7275 6532 9219 7412 7673 7639 6609 6820 7810 5877 8838 7190 9466 7095 9540 10484 7509 
9039 0.0 3020 2032 1417 2596 2946 453 3152 1066 2322 2678 3793 1980 2149 2741 2222 3748 3332 2100 2742 1248 3054 2062 3744 2588 2266 2485 3662 3380 2751 2596 484 2684 2742 2410 484 2780 2551 2783 2117 2044 2688 3143 835 1699 867 1328 806 1983 2653 
7018 3356 0.0 1138 2361 1346 2238 3203 1012 3173 2840 1340 1970 1190 3680 335 1121 831 1236 1015 2028 2779 137 1587 2110 1873 3113 2223 1862 2537 1573 1346 2709 2121 608 916 2709 745 1565 1139 1091 1056 1594 1368 2942 3875 3142 2643 2964 3514 1009 
6785 2332 1148 0.0 1223 1190 1384 2179 1574 2149 1816 1309 2416 52 2656 869 997 1876 1402 422 1511 1755 1181 989 2367 1357 1974 1796 1629 1682 718 1190 1685 1770 1170 498 1685 1307 1183 1534 311 521 1320 1110 1918 2737 2118 1619 1940 2490 1405 
5790 1827 2472 1484 0.0 2241 1695 1674 2604 1052 1060 2323 3438 1432 2548 2194 1674 3201 2668 1552 2349 1647 2506 1706 3389 2195 1004 2180 2457 2118 1556 2241 1180 2380 2194 1862 1180 2232 2196 2235 1569 1496 2333 2147 1412 1766 1655 1502 1501 2382 2106 
7613 2674 1723 973 2253 0.0 2212 2518 1226 2432 2116 344 1460 1025 2542 1379 186 2451 2059 763 712 1641 1757 534 1411 558 2978 1072 2457 2510 1546 0.0 1968 971 978 1157 1968 904 218 821 885 707 355 1966 2201 3741 2004 1505 1825 2376 691 
4804 3273 2521 1373 1646 2354 0.0 3120 2948 2446 1876 2474 3580 1321 3597 2243 2161 3250 2091 1796 2675 2696 2555 2097 3531 2521 1308 2880 1090 291 849 2354 2626 3080 2544 1711 2626 2681 2347 2722 1684 1895 2484 1439 2583 2072 3059 2560 2881 3432 2593 
9261 300 3484 2496 1718 2382 3257 0.0 3431 1367 2623 2463 3579 2444 1934 3205 2390 4213 3796 2564 2528 1033 3518 1847 3530 2373 2567 2270 4019 3681 3119 2382 785 2470 3008 2874 785 3046 2337 3025 2581 2508 2474 3607 1135 1921 414 1114 591 1768 2895 
7476 3305 1048 1585 2470 1115 2685 3152 0.0 3122 2789 1108 1100 1637 2926 1044 1010 2094 1919 1436 1827 2612 1185 1477 1458 1673 3391 1991 2320 2984 2020 1115 2658 1889 447 1363 2658 270 1333 524 1538 1380 1362 1826 2890 4153 2974 2476 2796 2760 534 
8868 1383 3091 2103 1238 2614 2446 1230 3223 0.0 1811 2696 3811 2051 2167 2812 2293 3819 3419 2171 2760 1266 3125 2080 3762 2606 1755 2503 3208 2869 2307 2614 736 2703 2812 2481 736 2851 2570 2854 2188 2114 2707 2898 355 1528 1212 1346 1057 2001 2724 
5376 2563 2757 1555 950 2152 1688 2410 2889 1620 0.0 2307 3378 1503 3284 2478 1959 3485 2661 1837 2425 2383 2791 1690 3329 2271 590 2917 2450 1704 1549 2152 1916 3116 2478 2146 1916 2517 2180 2520 1854 1780 2317 2139 1757 1615 2392 2238 2237 3118 2390 
7687 2770 1506 1069 2349 96 2308 2615 1153 2529 2212 0.0 1233 1121 1980 1450 282 2729 2130 860 808 1738 1828 631 1184 654 3075 1045 2531 2607 1643 96 2065 943 905 1253 2065 831 315 748 982 803 349 2037 2298 3837 2100 1602 1922 1814 618 
8511 3813 1758 2112 3392 1139 3351 3658 967 3572 3255 1132 0.0 2164 2838 1753 1325 2105 2813 1903 1753 2780 2278 1673 1049 1599 4118 1903 3214 3650 2685 1139 3108 1774 1156 2296 3108 979 1357 923 2024 1846 1386 2720 3340 4880 3143 2644 2965 2673 1189 
6837 2280 1200 52 1171 1138 1365 2127 1626 2097 1764 1257 2364 0.0 2604 921 945 1928 1454 474 1459 1703 1233 937 2315 1304 1922 1744 1681 1734 770 1138 1633 1717 1222 550 1633 1359 1131 1506 363 573 1268 1162 1866 2685 2066 1567 1887 2438 1376 
11074 2316 3999 3011 2714 2283 3925 2161 3574 2425 3525 2356 3307 2958 0.0 3720 2905 4727 4310 3079 1924 1197 4032 2362 3258 1770 3563 1568 4640 4216 3729 2283 1976 1768 3522 3388 1976 3038 2238 2955 3096 3022 2291 4121 2194 3734 1646 1343 1468 1066 2825 
6955 3081 1062 1064 2287 1011 2165 2927 1020 2897 2565 1004 1824 1116 2823 0.0 786 1791 1398 941 1693 2388 1096 1252 1775 1538 3167 1888 1799 2463 1499 1011 2433 1786 609 842 2433 648 1230 841 1017 982 1259 1305 2666 3929 2750 2252 2572 2657 711 
7574 3140 1393 1398 2719 465 2637 2984 1040 2898 2541 458 1419 1450 2344 1337 0.0 2409 2017 1189 1178 2107 1715 1000 1370 1023 3444 1409 2418 2935 1971 465 2434 1307 792 1461 2434 718 684 634 1310 1132 713 1924 2667 4207 2469 1971 2291 2178 505 
6700 4084 831 1866 3090 2178 2967 3931 1318 3901 3568 2171 1791 1918 4409 1166 1953 0.0 1349 1744 2995 3508 694 2521 2240 2841 3841 3429 2590 3265 2301 2178 3437 3300 1440 1644 3437 1577 2397 1971 1820 1785 2426 2096 3670 4604 3870 3372 3692 4243 1841 
5948 3699 922 1443 2624 2269 1853 3546 1934 3516 3183 2262 3101 1495 4023 1257 2043 1448 0.0 1358 2610 3122 956 2136 3032 2456 2702 2944 792 1591 1257 2269 3052 2869 1530 1007 3052 1667 2282 2061 1384 1399 2419 718 3285 3466 3485 2986 3307 3858 1931 
6959 2399 1074 401 1624 989 1557 2246 1500 2216 1883 1109 2224 453 2723 795 838 1802 1385 0.0 1310 1822 1108 836 2175 1156 2485 1643 1802 1856 892 989 1752 1569 1096 464 1752 1234 982 1439 207 99 1119 1293 1985 3248 2185 1686 2007 2557 1309 
7820 2488 1942 1180 2067 358 2329 2333 1476 2247 2070 440 1555 1212 1691 1592 455 3051 2253 931 0.0 1456 1976 351 1506 241 2793 756 2664 2717 1753 358 1783 654 1227 1364 1783 1154 313 1070 1092 829 366 2161 2015 3555 1818 1320 1640 1526 940 
10049 1291 2764 1776 1689 1662 2690 1136 2711 1400 2291 1743 2859 1724 900 2485 1670 3492 3076 1844 1593 0.0 2798 1127 2809 1439 2538 1237 3406 2982 2495 1662 951 1436 2288 2154 951 2326 1617 2305 1861 1788 1754 2887 1168 2709 621 145 443 735 2175 
7173 3390 137 1172 2395 1484 2272 3237 1227 3207 2874 1477 2347 1224 3714 472 1258 694 1099 1049 2301 2813 0.0 1827 2247 2147 3147 2360 1896 2571 1606 1484 2743 2258 745 949 2743 882 1702 1276 1125 1090 1731 1402 2975 3909 3176 2677 2997 3548 1146 
7673 2167 1876 913 1746 534 1978 2012 1583 1926 1750 616 1731 861 2036 1535 543 2604 2187 872 734 1135 1910 0.0 1682 580 2472 807 2517 2269 1606 534 1462 1007 1160 1266 1462 1199 489 1178 961 738 626 1998 1695 3235 1497 999 1319 1870 1048 
8560 3862 1807 2161 3441 1188 3400 3707 1016 3621 3304 1181 49 2213 2888 1802 1374 2154 2862 1952 1802 2830 2327 1723 0.0 1648 4167 1952 3263 3699 2735 1188 3157 1823 1206 2345 3157 1028 1407 972 2074 1895 1435 2770 3390 4929 3192 2694 3014 2722 1238 
7975 2643 2096 1334 2221 513 2483 2487 1630 2401 2225 594 1709 1366 1456 1747 609 3205 2408 1085 154 1610 2130 505 1660 0.0 2947 535 2819 2872 1908 513 1937 535 1381 1518 1937 1308 468 1224 1247 983 520 2315 2170 3710 1972 1474 1794 1290 1094 
4786 2596 3206 2058 983 3010 1340 2443 3479 1652 568 3092 4207 2006 3317 2928 2550 3935 2914 2428 3118 2416 3240 2475 4158 2964 0.0 2949 1913 1114 2052 3010 1949 3149 3069 2556 1949 3108 2965 3111 2445 2371 3102 2642 1789 1024 2424 2271 2270 3151 2981 
7987 2780 2613 1986 2475 1423 3181 2624 2404 2888 3257 1326 1869 2102 1462 2645 1262 3633 3325 1738 806 1661 3023 1241 1819 652 3201 0.0 3726 3473 2560 1423 2439 199 2012 2171 2439 1939 1120 1855 1899 1636 1173 3232 2657 3963 2110 1440 1931 1297 1725 
5156 3788 1907 1518 2447 2575 1405 3635 2573 3247 2477 2698 3518 1570 4112 1868 2382 2433 984 1615 2896 3211 1941 2374 3468 2742 1909 3181 0.0 799 910 2575 3141 3155 2170 1427 3141 2307 2568 2534 1504 1715 2705 772 3373 2673 3573 3075 3395 3946 2404 
4606 3706 2638 1917 2093 2768 718 3553 3064 2762 1678 2888 4008 1736 4427 2359 2575 3366 1800 2014 3090 3526 2671 2511 3959 2935 1110 4059 799 0.0 964 2768 3059 4259 2660 1826 3059 2797 2762 3025 1903 2114 2899 1554 2899 1874 3535 3381 3380 4261 2895 
6067 3163 1674 953 1536 2010 665 3010 2100 2336 2158 2130 3044 1005 3487 1395 1817 2402 1111 1050 2331 2586 1707 1809 2995 2177 2074 2617 910 964 0.0 2010 2516 2590 1696 862 2516 1833 2003 2060 939 1150 2141 590 2473 2838 2949 2450 2771 3321 1931 
7613 2674 1723 973 2253 0.0 2212 2518 1226 2432 2116 344 1460 1025 2542 1379 186 2451 2059 763 712 1641 1757 534 1411 558 2978 1072 2457 2510 1546 0.0 1968 971 978 1157 1968 904 218 821 885 707 355 1966 2201 3741 2004 1505 1825 2376 691 
9452 801 2757 1769 1154 2111 2683 648 2889 803 2059 2193 3308 1717 1664 2478 2120 3485 3068 1837 2257 763 2791 1577 3259 2103 2003 2000 3398 3117 2487 2111 0.0 2200 2478 2147 0.0 2517 2067 2520 1854 1780 2204 2879 571 2112 475 843 321 1498 2390 
7974 2766 2414 2196 2462 1223 3168 2611 2204 2875 3244 1126 1669 2248 1449 2445 1409 3433 3125 1987 750 1648 2823 1102 1620 596 3188 360 3527 3734 2769 1223 2426 0.0 1813 2380 2426 1739 1064 1655 2108 1580 1267 3033 2644 3950 2096 1426 1918 1283 1526 
7028 3154 601 1137 2361 1054 2238 3001 571 2971 2638 1047 1520 1189 2865 596 859 1432 1471 1015 1766 2461 738 1326 1644 1612 3240 1930 1872 2536 1572 1054 2507 1828 0.0 915 2507 305 1273 698 1091 1056 1301 1379 2739 4002 2823 2325 2645 2700 569 
6806 2768 982 435 1659 1447 1405 2615 1408 2585 2252 1533 2352 487 3092 703 1254 1710 1225 488 1769 2191 1016 1246 2303 1614 2410 2054 1650 1703 739 1447 2121 2027 1004 0.0 2121 1141 1441 1369 376 587 1578 1132 2354 3173 2554 2055 2375 2926 1239 
9452 801 2757 1769 1154 2111 2683 648 2889 803 2059 2193 3308 1717 1664 2478 2120 3485 3068 1837 2257 763 2791 1577 3259 2103 2003 2000 3398 3117 2487 2111 0.0 2200 2478 2147 0.0 2517 2067 2520 1854 1780 2204 2879 571 2112 475 843 321 1498 2390 
7206 3035 778 1314 2200 845 2415 2881 371 2851 2519 838 1312 1367 2656 773 740 1610 1648 1166 1557 2342 915 1206 1339 1403 3121 1721 2050 2713 1749 845 2387 1619 177 1092 2387 0.0 1063 393 1268 1109 1092 1556 2620 3883 2704 2206 2526 2490 263 
7696 2779 1514 1077 2358 104 2317 2623 1162 2537 2221 126 1241 1129 2106 1458 290 2737 2138 868 817 1746 1836 639 1192 662 3083 1171 2540 2615 1651 104 2073 1069 913 1262 2073 840 0.0 756 990 812 460 2046 2306 3846 2108 1610 1930 1941 626 
7630 3272 1202 1612 2437 969 2839 3488 524 3089 2756 962 995 1664 2668 1197 977 2340 2072 1403 1583 2610 1339 1503 946 1429 3358 1733 2474 3137 2173 969 2624 1604 601 1516 2624 527 1187 0.0 1525 1347 1216 1980 2857 4120 2973 2474 2795 2503 439 
6832 2419 1118 295 1519 1154 1431 2265 1545 2235 1902 1273 2380 347 2743 840 961 1847 1430 194 1475 1842 1152 953 2331 1320 2270 1760 1676 1729 765 1154 1771 1734 1141 508 1771 1278 1147 1505 0.0 293 1284 1157 2004 3033 2204 1706 2026 2577 1375 
6981 2299 1112 503 1465 889 1659 2146 1539 2116 1783 1009 2124 555 2624 834 738 1841 1424 101 1210 1723 1146 736 2075 1056 2385 1544 1825 1958 994 889 1652 1469 1135 565 1652 1272 883 1340 309 0.0 1020 1331 1885 3148 2085 1587 1907 2458 1210 
7778 2471 1639 1138 2050 229 2312 2316 1287 2230 2053 251 1366 1190 2339 1583 416 2862 2211 889 509 1438 1962 334 1317 355 2776 870 2622 2675 1711 229 1765 768 1038 1322 1765 965 125 881 1050 787 0.0 2119 1998 3538 1801 1302 1623 2173 751 
5959 3488 1502 1232 2411 2060 1661 3335 1928 3305 2972 2053 2872 1284 3812 1223 1834 2230 521 1147 2399 2911 1536 1925 2823 2244 2712 2732 803 1602 874 2060 2841 2657 1525 796 2841 1662 2071 1889 1173 1188 2208 0.0 3073 3477 3273 2775 3095 3646 1759 
8988 664 2856 1868 1359 2379 2567 995 2988 339 1932 2461 3576 1816 1932 2577 2058 3584 3167 1936 2525 1031 2890 1845 3527 2371 1875 2268 3328 2990 2428 2379 501 2468 2577 2246 501 2616 2335 2619 1953 1879 2472 3018 0.0 1648 976 1111 822 1766 2489 
7339 1686 4383 3152 2076 4104 2043 1861 4515 1511 1661 4185 5301 3100 3459 4105 3585 5112 3617 3463 4211 2558 4417 3569 5251 4057 1093 3795 2616 1817 2781 4104 2028 3995 4105 3650 2028 4143 4059 4147 3480 3407 4196 3371 1648 0.0 2275 2639 2350 3293 4017 
9630 670 3069 2081 1508 1967 2996 514 3016 1157 2413 2049 3164 2029 1519 2791 1976 3798 3381 2149 2113 618 3103 1432 3115 1959 2357 1856 3711 3471 2800 1967 575 2055 2593 2459 575 2632 1922 2610 2167 2093 2059 3192 925 2290 0.0 699 177 1354 2481 
7098 1417 2618 1630 1463 1516 2545 1261 2565 1444 2145 1598 2713 1578 1091 2340 1525 3347 2930 1698 1518 190 2652 981 2664 1363 2312 1161 3260 2836 2349 1516 980 1361 2142 2008 980 2181 1471 2160 1716 1642 1608 2741 1213 2754 746 0.0 568 926 2030 
9739 848 2892 1904 1440 1790 2819 692 2839 1089 2345 1872 2987 1852 1342 2614 1799 3621 3204 1972 1936 441 2926 1255 2938 1782 2289 1679 3534 3403 2623 1790 507 1878 2416 2282 507 2455 1745 2433 1990 1916 1882 3015 858 2399 178 522 0.0 1177 2304 
10872 2114 3796 2808 2511 2081 3723 1958 3371 2223 3323 2153 3105 2756 165 3518 2702 4525 4108 2876 1722 995 3830 2159 3055 1568 3361 1366 4438 4014 3527 2081 1773 1566 3320 3186 1773 2836 2036 2753 2893 2820 2089 3919 1991 3532 1444 1141 1265 0.0 2623 
7454 3096 1026 1436 2261 844 2663 2943 535 2913 2580 837 1124 1488 2798 1021 801 1858 1896 1227 1556 2403 1163 1268 1075 1402 3182 1863 2298 2961 1997 844 2448 1734 425 1340 2448 351 1062 129 1349 1171 1091 1804 2681 3944 2765 2267 2587 2632 0.0 
