-1.46453 47.208 -1.464357 47.2081021 889292535
1
100 
50
15 10 12 14 -1.54409 47.2135 -1.5442622 47.2136567 292916685
11 10 16 20 -1.55898 47.2151 -1.5596041 47.2150027 1652977881
33 5 6 9 -1.55802 47.2049 -1.5578632 47.2049611 360697042
29 5 7 12 -1.56367 47.2234 -1.5648414 47.2243653 289440000
6 10 7 10 -1.54987 47.2131 -1.5505183 47.2129384 292687575
9 5 16 20 -1.54383 47.2022 -1.5442351 47.2020951 6030108044
29 10 7 10 -1.55618 47.2051 -1.5564435 47.2051079 291115039
18 10 14 17 -1.56516 47.2173 -1.5648389 47.2169626 287431468
28 10 7 10 -1.55441 47.2198 -1.5543526 47.2196642 290215827
6 10 9 12 -1.54525 47.2202 -1.5451166 47.2202201 1559771676
5 10 9 12 -1.5702 47.2082 -1.5706793 47.207927 301897560
13 10 7 12 -1.56511 47.2142 -1.5655597 47.2144118 296394098
20 10 7 10 -1.55209 47.2169 -1.551836 47.216706 339037624
19 10 9 12 -1.53734 47.2143 -1.5373496 47.2142184 1942485302
16 10 9 12 -1.55005 47.2096 -1.5504649 47.2095098 292842827
9 10 7 12 -1.56365 47.215 -1.5637541 47.215022 294029953
31 5 7 10 -1.55156 47.2157 -1.5510802 47.2158321 290222086
13 5 12 14 -1.54951 47.2224 -1.5497998 47.2226662 302423527
27 10 7 10 -1.56927 47.2158 -1.5693571 47.2161123 315143068
27 5 7 10 -1.56148 47.2224 -1.5608385 47.2222807 287952516
30 5 14 17 -1.54452 47.2151 -1.544767 47.2153102 3127607046
22 5 12 14 -1.55535 47.2154 -1.5560491 47.2150388 2417854710
30 5 14 17 -1.54337 47.2161 -1.5458926 47.2156752 1557674398
9 5 7 12 -1.56413 47.2077 -1.5642872 47.2076335 279634901
23 10 9 12 -1.55413 47.2066 -1.5533863 47.2066671 796994217
34 10 12 14 -1.56503 47.2122 -1.5649336 47.2122435 296394115
15 5 16 20 -1.55485 47.206 -1.554683 47.2055538 1549955484
14 10 9 12 -1.56635 47.2094 -1.5665749 47.2092555 305615914
17 10 9 12 -1.56532 47.2222 -1.5651534 47.2221917 287952526
24 10 7 10 -1.55559 47.2174 -1.5555502 47.2171345 2483837221
28 10 7 10 -1.54827 47.2051 -1.5480813 47.2050942 360242871
11 5 9 12 -1.56276 47.2134 -1.562868 47.2133926 315882175
15 5 6 9 -1.57504 47.2095 -1.5751956 47.2093722 309249517
46 10 6 9 -1.55518 47.2186 -1.5551908 47.2186752 335605754
7 10 7 10 -1.55169 47.2166 -1.5514806 47.2163046 3141438537
16 5 16 20 -1.56384 47.2235 -1.5648414 47.2243653 289440000
23 10 6 9 -1.56129 47.2182 -1.5609282 47.2188688 287431452
35 5 7 10 -1.54759 47.215 -1.5467279 47.2153538 292734381
52 10 16 20 -1.54825 47.2051 -1.5480813 47.2050942 360242871
8 10 6 9 -1.55636 47.2138 -1.5567027 47.2135841 4988076365
16 5 7 10 -1.55215 47.2158 -1.5514806 47.2163046 3141438537
39 10 7 10 -1.57223 47.2143 -1.5721753 47.2144638 3164559707
18 5 14 17 -1.55754 47.2206 -1.557133 47.2207131 257080492
17 5 7 12 -1.54534 47.2013 -1.5450228 47.2014092 652535174
19 5 14 17 -1.54648 47.213 -1.5464353 47.2133246 279635054
21 10 7 12 -1.54829 47.2051 -1.5484486 47.2049957 341809734
30 5 6 9 -1.53969 47.2142 -1.5398776 47.2144055 1556271466
24 10 7 12 -1.53593 47.2213 -1.5361017 47.2215143 297686608
39 10 12 14 -1.56148 47.215 -1.5614961 47.2148369 315258314
7 10 7 12 -1.55941 47.2119 -1.5591216 47.2120003 292672036
0.0 797 924 811 943 853 742 803 977 894 827 951 973 891 747 784 951 898 822 1023 964 811 877 810 888 798 945 792 910 994 907 756 965 994 909 898 943 959 812 756 908 898 1005 915 759 816 758 763 742 941 881 
834 0.0 191 211 321 97 241 203 253 184 130 284 260 138 114 139 237 125 227 309 300 30 144 41 271 198 231 192 242 316 174 187 252 327 195 132 321 239 39 187 174 132 304 224 217 78 189 92 189 209 167 
942 234 0.0 167 177 149 245 159 68 117 190 178 79 113 246 163 61 126 215 127 171 203 101 186 180 155 81 148 137 143 79 203 75 194 100 119 177 85 177 203 77 119 123 121 233 216 202 237 276 17 59 
830 235 179 0.0 336 162 116 28 223 233 287 140 205 202 228 124 199 188 334 220 331 217 166 200 76 62 193 41 98 322 195 84 213 183 216 196 336 246 191 84 160 196 194 273 103 215 72 219 346 189 129 
963 361 180 333 0.0 277 393 325 145 149 255 305 181 195 388 291 170 208 205 182 139 331 229 314 307 320 240 314 277 51 197 338 223 304 193 201 0.0 106 305 338 226 201 217 142 368 319 340 366 341 196 225 
843 97 124 143 263 0.0 173 136 186 144 183 216 192 113 124 71 170 99 245 242 257 67 77 50 203 131 164 125 175 249 106 119 184 259 127 106 263 172 41 119 107 106 236 183 149 80 121 101 242 141 100 
740 183 224 109 363 153 0.0 101 275 244 289 249 271 213 188 84 249 200 345 320 358 198 177 190 186 98 243 90 208 349 207 42 263 292 228 207 363 272 181 42 207 207 303 284 40 174 44 179 329 239 179 
822 227 163 7 320 146 108 0.0 209 217 270 147 205 186 221 116 183 172 318 228 315 200 149 183 84 46 177 33 106 305 179 76 197 191 200 179 320 229 175 76 143 179 202 256 96 207 65 211 330 173 113 
991 276 81 216 143 191 294 208 0.0 144 232 160 49 155 295 205 38 168 201 67 137 245 143 228 161 204 102 197 131 109 121 252 91 158 142 161 143 53 220 252 138 161 71 106 282 258 251 280 318 63 110 
911 235 126 223 136 161 277 216 127 0.0 105 264 163 45 241 175 152 59 101 195 116 216 89 198 266 211 179 205 223 145 66 223 188 286 58 51 136 83 190 223 119 51 199 39 253 169 225 231 191 144 145 
835 219 217 270 253 201 320 262 244 129 0.0 342 280 122 225 222 265 125 97 311 232 215 170 198 330 257 270 251 301 261 149 269 279 384 139 128 253 199 189 269 200 128 316 156 299 153 271 215 97 235 226 
998 307 193 187 310 246 284 196 170 285 359 0.0 152 282 294 243 165 270 371 143 307 301 228 284 108 218 160 208 77 271 248 252 194 58 269 276 310 224 275 252 198 276 99 276 271 292 240 284 431 175 168 
963 268 75 188 205 183 266 180 63 169 243 148 0.0 166 267 197 42 179 264 67 201 238 142 221 150 175 65 169 119 167 132 224 41 149 153 172 205 116 212 224 113 172 62 169 253 251 222 258 328 57 82 
914 189 112 179 182 116 232 171 173 45 97 244 182 0.0 195 130 160 13 143 232 161 171 65 154 239 166 165 160 203 190 65 178 174 279 56 6 182 128 145 178 95 6 226 85 208 123 180 186 183 129 125 
739 95 236 199 375 142 197 191 286 255 200 268 282 209 0.0 117 259 195 298 326 370 92 189 75 269 167 253 180 227 361 219 145 274 311 240 203 375 284 84 145 219 203 321 294 175 114 147 29 153 249 189 
786 132 140 101 279 68 101 93 202 160 214 210 208 129 132 0.0 186 115 261 258 274 123 93 106 171 70 180 82 169 265 122 47 200 253 143 123 279 188 97 47 123 123 252 200 77 96 49 122 273 158 116 
953 243 43 178 166 158 256 170 30 126 200 154 22 123 257 172 0.0 136 222 71 161 213 111 196 156 165 69 159 126 132 89 214 57 153 110 129 166 74 187 214 100 129 66 127 244 225 213 247 285 25 72 
901 176 100 165 195 102 218 157 162 59 111 233 171 13 181 117 149 0.0 156 220 175 157 53 140 225 152 153 146 192 204 62 164 163 267 69 7 195 142 131 164 84 7 215 98 194 110 166 172 194 118 114 
857 298 209 289 245 226 342 281 236 121 78 341 272 114 303 240 257 126 0.0 303 224 281 162 264 343 276 262 270 300 253 141 288 271 376 131 120 245 191 255 288 192 120 308 148 318 232 290 294 164 227 222 
1007 297 97 232 167 213 310 224 45 181 254 140 55 177 311 227 54 190 239 0.0 164 267 165 250 156 220 97 213 125 128 143 268 97 130 164 183 167 91 241 268 154 183 43 144 298 280 267 302 340 79 126 
974 318 136 289 100 233 349 281 116 108 214 276 151 153 344 247 140 167 165 183 0.0 287 185 270 278 277 210 270 247 109 155 294 193 274 151 159 100 71 261 294 182 159 187 70 325 277 296 322 299 154 181 
810 30 177 197 306 83 226 189 239 170 115 269 245 124 90 124 223 110 213 295 286 0.0 130 17 257 184 217 178 228 302 159 172 237 312 180 118 306 225 25 172 160 118 289 209 202 64 174 68 175 195 153 
878 162 47 140 186 78 193 132 109 73 146 179 117 65 189 92 95 53 174 167 180 132 0.0 115 181 127 100 121 138 172 35 139 109 214 56 58 186 95 106 139 30 58 161 112 169 145 141 167 231 64 60 
793 47 160 180 299 66 210 172 222 180 132 253 229 141 73 108 206 127 230 278 294 17 113 0.0 240 168 201 161 211 285 143 156 221 296 164 135 299 208 8 156 143 135 273 220 186 48 158 51 192 178 136 
906 280 181 96 317 200 192 100 175 271 325 92 157 240 267 175 170 226 371 172 313 255 201 238 0.0 113 148 107 50 279 233 160 186 135 254 233 317 228 229 160 172 233 146 279 180 265 148 258 384 163 141 
799 193 144 40 301 127 114 32 191 198 252 180 187 167 180 76 164 153 299 236 296 182 131 165 113 0.0 158 21 139 287 161 60 178 223 182 161 301 211 156 60 125 161 230 238 90 167 62 171 312 154 94 
961 266 95 185 245 181 264 178 102 187 260 104 84 183 265 195 87 182 284 100 240 236 140 219 106 173 0.0 167 75 206 149 222 100 113 170 188 245 156 210 222 111 188 94 192 251 249 220 255 346 77 80 
802 206 138 18 295 121 96 11 185 192 246 158 181 161 200 96 158 147 293 230 290 176 125 159 95 21 152 0.0 117 281 154 63 172 202 175 155 295 205 150 63 119 155 213 232 84 187 53 191 305 148 88 
933 242 130 122 266 181 219 131 124 222 296 41 106 217 229 178 119 205 320 121 262 236 163 219 43 153 97 143 0.0 228 185 186 135 84 206 210 266 178 210 186 133 210 95 228 206 227 175 219 366 112 103 
1011 318 137 290 116 233 349 282 102 144 250 262 138 190 345 247 127 203 201 130 111 288 186 271 264 277 197 271 234 0.0 164 295 180 261 185 196 116 63 262 295 183 196 174 106 325 300 297 322 336 152 182 
935 219 99 197 174 134 250 189 165 37 116 237 170 49 244 148 147 62 138 219 153 189 62 172 239 184 152 178 196 182 0.0 196 161 266 21 55 174 120 163 196 92 55 213 77 226 173 198 223 201 117 118 
764 168 186 66 337 127 66 59 233 218 272 206 228 187 162 58 206 174 319 278 332 181 151 164 143 61 200 48 165 323 181 0.0 220 250 202 181 337 246 155 0.0 167 181 261 258 41 148 2 153 303 196 136 
921 226 51 146 187 142 224 138 51 144 217 141 47 140 225 156 24 142 241 96 182 196 100 179 143 133 37 127 111 154 106 182 0.0 151 127 146 187 95 170 182 71 146 90 148 212 209 181 216 303 34 40 
1015 324 181 205 276 264 301 213 143 264 338 83 125 261 311 261 138 274 344 109 273 318 243 301 125 235 164 226 94 238 227 269 166 0.0 248 267 276 196 293 269 214 267 72 249 288 309 257 302 424 163 183 
927 233 107 211 153 148 264 203 144 16 122 246 178 62 257 162 156 75 117 211 132 203 85 186 248 198 160 192 205 161 41 210 170 274 0.0 68 153 99 177 210 101 68 215 56 240 186 212 237 208 125 127 
908 183 105 172 188 110 226 164 167 51 104 238 176 6 189 124 154 7 149 225 167 164 58 147 232 160 158 153 197 196 67 171 168 272 62 0.0 188 134 139 171 89 0.0 220 91 202 117 174 179 189 123 119 
963 361 180 333 0.0 277 393 325 145 149 255 305 181 195 388 291 170 208 205 182 139 331 229 314 307 320 240 314 277 51 197 338 223 304 193 201 0.0 106 305 338 226 201 217 142 368 319 340 366 341 196 225 
957 255 74 227 94 170 286 219 44 90 196 204 80 135 282 184 69 148 147 112 88 225 123 208 206 214 139 208 176 80 101 232 122 203 122 141 94 0.0 199 232 120 141 116 52 262 237 234 259 282 92 119 
801 56 152 172 291 58 201 164 214 172 141 244 220 141 82 99 198 127 239 270 285 25 105 8 231 159 192 153 203 277 134 147 212 287 155 134 291 200 0.0 147 135 134 264 211 177 39 149 60 201 169 128 
764 168 186 66 337 127 66 59 233 218 272 206 228 187 162 58 206 174 319 278 332 181 151 164 143 61 200 48 165 323 181 0.0 220 250 202 181 337 246 155 0.0 167 181 261 258 41 148 2 153 303 196 136 
877 161 76 139 215 77 192 131 138 102 173 208 147 83 188 91 125 71 203 196 210 131 29 114 199 126 129 120 167 201 65 138 139 243 86 77 215 124 105 138 0.0 77 191 142 168 144 140 166 247 94 90 
908 183 105 172 188 110 226 164 167 51 104 238 176 6 189 124 154 7 149 225 167 164 58 147 232 160 158 153 197 196 67 171 168 272 62 0.0 188 134 139 171 89 0.0 220 91 202 117 174 179 189 123 119 
1016 309 109 218 211 224 314 226 71 192 266 96 53 189 320 238 66 202 272 44 209 279 177 262 138 228 94 222 108 173 155 277 94 87 176 195 211 124 253 277 166 195 0.0 177 302 291 271 311 352 91 135 
904 271 108 248 120 186 302 240 88 37 143 248 124 83 279 200 113 97 94 155 107 240 127 223 250 236 182 230 219 120 85 247 166 246 81 89 120 43 215 247 138 89 159 0.0 278 207 250 269 229 126 153 
752 195 214 95 372 161 24 87 261 253 301 235 257 222 197 93 234 208 354 306 367 210 186 199 172 98 228 76 194 357 215 51 249 278 236 216 372 281 190 51 195 216 289 293 0.0 183 53 187 338 224 164 
824 99 172 190 311 67 190 182 234 192 197 259 240 161 105 96 218 147 293 290 306 81 125 64 252 159 212 171 218 297 154 136 232 303 175 155 311 220 56 136 155 155 284 232 166 0.0 138 95 246 190 148 
762 166 184 64 335 124 63 56 231 216 270 204 226 185 160 56 204 171 317 276 330 179 149 162 141 59 198 45 163 321 179 14 218 248 200 179 335 244 153 14 165 179 259 256 39 146 0.0 150 301 194 134 
753 81 214 184 353 120 185 177 272 235 186 254 268 195 34 103 245 181 284 312 348 71 167 54 255 153 239 166 213 340 197 131 260 297 218 189 353 263 62 131 198 189 307 274 161 99 133 0.0 175 232 175 
778 228 300 332 339 272 332 324 330 214 101 401 366 208 150 250 349 201 182 397 318 225 253 208 401 300 353 313 360 347 234 278 363 444 225 208 339 285 217 278 284 208 401 242 308 224 280 162 0.0 318 297 
940 231 17 164 174 146 242 157 65 114 187 167 66 110 243 160 43 124 213 115 169 200 98 183 169 152 63 146 134 140 76 200 57 176 97 116 174 82 175 200 74 116 109 118 230 213 199 234 273 0.0 56 
883 188 49 108 207 104 186 100 96 133 204 118 92 114 187 118 70 101 234 141 202 158 60 141 120 95 64 89 77 192 95 144 84 162 116 107 207 116 132 144 30 107 136 147 174 171 143 178 278 60 0.0 
0.0 9370 10629 9827 14555 10006 8783 9719 11325 14006 13449 11139 11265 13989 8513 9467 11104 10214 13417 11702 14886 9496 10255 9289 10613 9530 11024 9567 10795 14988 10463 9189 11159 11595 14131 14041 14555 14543 9500 9189 10509 14041 11682 14180 8936 9491 9218 8711 11634 11030 10533 
9713 0.0 1676 2232 2607 767 2566 2124 2202 1536 1083 2490 2257 1156 1231 1268 2096 1044 1896 2693 2689 238 1301 342 2541 1979 2015 1972 2147 2722 1510 1855 2151 2947 1624 1104 2607 2081 330 1855 1555 1104 2741 1867 2275 572 1885 927 1580 1825 1524 
10977 1985 0.0 1716 1397 1197 2705 1608 567 971 1585 1463 638 944 2795 1370 504 1025 1793 1200 1330 1746 847 1651 1478 1464 628 1456 1119 1198 658 1935 559 1611 833 997 1397 712 1578 1935 620 997 1122 1000 2483 1678 2134 2664 2482 149 473 
10084 2646 1831 0.0 3051 1716 1461 279 2006 2312 2800 1311 1823 2092 2493 1322 2014 1979 3154 1983 2984 2265 1791 2169 785 701 1934 477 967 3026 1999 1057 2070 1768 2174 2040 3051 2372 2097 1057 1699 2040 1854 2642 1240 1858 890 2363 3298 1940 1443 
15964 3045 1486 3080 0.0 2258 3728 2972 1215 1586 2468 2548 1489 1966 3600 2430 1423 2079 2052 1631 1316 2807 1908 2711 2563 2827 1943 2820 2309 432 1983 3017 1722 2925 1949 2018 0.0 887 2639 3017 1857 2018 1906 1527 3438 2917 3047 3296 3365 1635 1836 
9867 830 997 1553 2081 0.0 1888 1445 1523 1144 1554 1812 1578 924 1385 590 1417 811 1986 2015 2014 591 623 496 1863 1301 1337 1293 1468 2044 831 1177 1472 2268 1006 872 2081 1402 423 1177 877 872 2062 1474 1597 666 1207 1081 2052 1147 846 
8903 1883 2169 1420 3253 1546 0.0 1311 2918 2316 2766 2732 2858 2096 2179 1008 2697 1983 3158 3295 3186 2009 1795 2000 2206 1071 2617 1159 2388 3216 2003 548 2752 3188 2178 2044 3253 2574 1927 548 2049 2044 3275 2646 463 1544 578 2049 3444 2623 2125 
9977 2539 1515 108 2735 1400 1355 0.0 1920 1996 2485 1420 1860 1776 2387 1216 1698 1663 2838 2092 2668 1949 1475 1854 894 385 1618 370 1076 2711 1683 951 1754 1876 1858 1724 2735 2057 1781 951 1383 1724 1963 2326 1134 1752 784 2257 2982 1624 1127 
11381 2329 680 2121 1113 1541 3109 2012 0.0 1194 1930 1332 385 1289 3199 1714 319 1370 1671 695 1046 2091 1192 1995 1347 1868 741 1860 1094 910 1003 2340 618 1709 1178 1341 1113 445 1923 2340 1121 1341 690 877 2888 2023 2538 2580 2827 531 905 
15236 1957 1034 2201 1070 1262 2733 2092 1066 0.0 881 2181 1340 379 2204 1435 1274 492 842 1761 1152 1811 720 1716 2195 1948 1421 1940 1837 1194 552 2022 1474 2776 489 432 1070 692 1643 2022 995 432 1757 330 2442 1330 2052 2073 1778 1183 1190 
13738 1824 1768 2628 2043 1529 2863 2519 2039 1075 0.0 2886 2313 1020 2070 1862 2152 1047 812 2735 2126 1749 1393 1653 2937 2375 2155 2367 2542 2167 1228 2449 2208 3138 1162 1072 2043 1665 1581 2449 1647 1072 2730 1303 2869 1196 2479 1940 992 1917 1920 
11637 3046 1536 1718 3264 2062 3015 1832 1579 2272 2887 0.0 1396 2246 3222 2390 1533 2228 3250 1521 2800 2611 1915 2516 910 1956 1218 2030 657 2811 1960 2611 1629 486 2135 2273 3264 2025 2443 2611 1668 2273 888 2456 2794 2887 2444 3091 3644 1387 1412 
11040 2183 558 1780 2053 1395 2768 1671 472 1353 1968 1130 0.0 1327 2858 1568 302 1407 2144 512 1519 1944 1070 1849 1144 1527 362 1519 891 1600 1041 1998 232 1578 1216 1379 2053 918 1776 1998 822 1379 559 1350 2546 1876 2197 2727 2865 409 566 
10306 1577 880 1864 1450 925 2396 1755 1446 379 785 1979 1426 0.0 1824 1098 1265 112 1164 1862 1532 1474 506 1379 2173 1611 1267 1603 1635 1574 532 1685 1320 2250 467 52 1450 1072 1306 1685 760 52 1910 710 2105 950 1715 1693 1682 1029 989 
8679 976 2307 2398 3390 1398 1967 2289 3142 2312 1858 3006 3082 1932 0.0 1403 2920 1819 2671 3490 3323 983 1932 888 2747 1904 2840 2138 2662 3353 2140 1822 2976 3462 2315 1879 3390 2711 960 1822 2186 1879 3538 2642 2242 1097 1852 309 1365 2846 2349 
9628 1021 1161 1163 2245 538 1298 1054 1687 1308 1796 1755 1742 1088 1405 0.0 1581 975 2150 2179 2177 1087 787 992 1512 669 1500 902 1411 2207 995 587 1636 2211 1170 1036 2245 1566 919 587 1041 1036 2226 1638 1007 671 616 1274 2670 1310 1009 
11062 2064 361 1801 1308 1277 2789 1693 249 1051 1665 1287 161 1024 2880 1449 0.0 1105 1848 597 1240 1826 927 1730 1301 1548 520 1541 1048 1109 738 2020 407 1664 913 1076 1308 623 1658 2020 801 1076 645 1054 2568 1758 2219 2315 2562 212 586 
10193 1465 791 1751 1562 812 2283 1643 1317 492 898 1890 1337 112 1711 985 1175 0.0 1277 1773 1645 1361 416 1266 2060 1498 1178 1490 1546 1686 486 1572 1231 2161 579 60 1562 1185 1193 1572 670 60 1821 823 1992 837 1602 1581 1596 940 899 
14737 2480 1702 2756 1977 1817 3288 2647 1973 1009 656 2801 2247 954 2727 1990 2086 1032 0.0 2668 2059 2366 1327 2271 2815 2503 2089 2495 2457 2101 1162 2577 2142 3072 1096 1006 1977 1599 2198 2577 1581 1006 2664 1237 2997 1853 2607 2596 1553 1851 1810 
11572 2575 871 2312 1743 1787 3300 2204 439 1561 2176 1352 436 1535 3390 1960 510 1615 1999 0.0 1279 2336 1438 2241 1300 2059 695 2051 1047 1290 1248 2531 669 1477 1423 1587 1743 773 2168 2531 1312 1587 458 1205 3079 2269 2729 2826 3073 722 1097 
15771 2677 1118 2712 769 1890 3361 2604 968 900 1782 2301 1242 1280 3232 2062 1176 1393 1377 1664 0.0 2439 1540 2343 2316 2459 1665 2452 2062 893 1297 2650 1475 2678 1263 1332 769 594 2271 2650 1489 1332 1659 583 3070 2230 2679 2928 2679 1267 1469 
9466 238 1556 2112 2486 647 2446 2003 2081 1416 963 2370 2136 1036 983 1148 1975 923 1775 2573 2569 0.0 1181 95 2421 1859 1895 1851 2026 2602 1389 1735 2031 2827 1503 984 2486 1961 210 1735 1435 984 2620 1746 2155 452 1765 679 1460 1705 1404 
10406 1392 374 1543 1458 605 2076 1435 900 604 1195 1473 920 506 1947 777 759 416 1446 1356 1390 1154 0.0 1058 1488 1290 761 1283 1129 1420 291 1365 814 1744 466 454 1458 779 986 1365 253 454 1404 935 1785 1086 1394 1643 2091 523 483 
9370 333 1418 1974 2502 509 2309 1866 1944 1565 1058 2233 1999 1131 888 1010 1838 1019 1871 2436 2434 95 1044 0.0 2284 1721 1758 1714 1889 2465 1252 1598 1893 2689 1427 1079 2502 1823 72 1598 1298 1079 2483 1895 2018 315 1627 584 1555 1567 1266 
10858 2805 1404 938 3036 1808 2235 836 1455 2404 2893 761 1273 2184 2981 1544 1410 2072 2950 1433 2502 2357 1675 2262 0.0 974 1086 966 417 2583 2091 1831 1300 1217 2266 2132 3036 1901 2189 1831 1428 2132 1304 2176 2014 2647 1664 2851 3390 1255 1172 
9645 1615 1361 484 2581 1246 1315 375 1766 1842 2331 1796 1706 1622 1868 697 1544 1509 2684 2142 2514 1795 1321 1700 944 0.0 1464 223 1452 2557 1529 604 1600 2252 1704 1570 2581 1903 1627 604 1229 1570 2190 2172 1024 1233 634 1738 2828 1470 973 
11068 2211 714 1623 2288 1423 2796 1699 708 1450 2064 801 525 1423 2886 1596 639 1410 2260 685 1754 1972 1098 1877 816 1555 0.0 1547 562 1835 1137 2026 610 983 1312 1456 2288 1154 1804 2026 851 1456 733 1485 2575 1905 2225 2756 2961 565 595 
9789 2026 1354 260 2574 1238 1248 152 1758 1834 2323 1572 1698 1615 2145 974 1537 1502 2677 2135 2506 1787 1313 1692 1046 223 1457 0.0 1228 2549 1522 748 1592 2028 1697 1562 2574 1895 1619 748 1221 1562 2115 2165 1027 1510 677 2015 2820 1463 965 
11085 2493 987 1166 2619 1509 2462 1280 1038 1723 2338 343 856 1773 2669 1837 993 1675 2533 1016 2085 2058 1363 1963 358 1403 669 1478 0.0 2166 1410 2058 883 800 1585 1721 2619 1484 1891 2058 1115 1721 886 1758 2241 2335 1892 2539 3091 838 859 
16076 2686 1126 2720 895 1898 3369 2612 855 1205 2087 2188 1129 1585 3240 2071 1063 1697 1681 1198 827 2447 1548 2352 2203 2467 1584 2460 1949 0.0 1359 2658 1362 2565 1534 1637 895 527 2279 2658 1497 1637 1546 888 3078 2379 2688 2936 2984 1275 1477 
10840 1826 810 1977 1383 1038 2509 1869 1379 312 965 1957 1355 408 2232 1211 1194 520 1155 1792 1465 1587 497 1492 1971 1724 1197 1717 1613 1507 0.0 1798 1249 2180 175 460 1383 1005 1420 1798 771 460 1839 643 2218 1358 1828 2077 1862 959 966 
9380 1942 1965 871 2926 1219 864 763 2370 1989 2477 2183 2309 1769 1852 681 2148 1656 2831 2746 2859 1768 1468 1673 1657 595 2068 611 1839 2889 1676 0.0 2204 2639 1851 1717 2926 2247 1600 0.0 1833 1717 2726 2319 574 1217 29 1722 3117 2074 1577 
10807 1950 419 1547 1486 1162 2535 1438 428 1164 1778 1067 367 1138 2625 1335 206 1149 1974 804 1419 1711 837 1616 1081 1294 265 1286 915 1287 851 1765 0.0 1248 1026 1190 1486 801 1543 1765 590 1190 851 1232 2314 1644 1964 2495 2675 270 334 
11876 3284 1823 1957 2849 2301 3254 2071 1508 2513 3128 789 1325 2487 3460 2628 1462 2567 3179 1106 2385 2850 2029 2754 1149 2195 1326 2269 896 2396 2200 2849 1558 0.0 2375 2539 2849 1954 2682 2849 1781 2539 817 2385 3032 3126 2683 3330 4025 1674 1525 
15374 1982 882 2133 1208 1194 2665 2024 1204 137 1019 2029 1427 517 2342 1367 1266 630 980 1899 1290 1743 692 1648 2043 1880 1269 1872 1685 1332 341 1954 1321 2252 0.0 569 1208 830 1575 1954 843 569 1895 468 2374 1468 1984 2232 1916 1031 1038 
10254 1525 828 1812 1502 873 2344 1703 1354 432 837 1927 1374 52 1772 1046 1213 60 1216 1810 1584 1422 454 1327 2121 1559 1215 1551 1583 1626 523 1633 1268 2198 519 0.0 1502 1124 1254 1633 708 0.0 1858 762 2053 898 1663 1641 1734 977 937 
15964 3045 1486 3080 0.0 2258 3728 2972 1215 1586 2468 2548 1489 1966 3600 2430 1423 2079 2052 1631 1316 2807 1908 2711 2563 2827 1943 2820 2309 432 1983 3017 1722 2925 1949 2018 0.0 887 2639 3017 1857 2018 1906 1527 3438 2917 3047 3296 3365 1635 1836 
15619 2158 599 2193 705 1370 2841 2084 373 748 1630 1706 647 1118 2713 1543 581 1198 1225 1069 638 1919 1021 1824 1721 1940 1101 1932 1467 668 832 2130 880 2083 1007 1170 705 0.0 1751 2130 970 1170 1064 431 2550 1852 2160 2409 2527 748 949 
9443 406 1346 1902 2429 437 2236 1793 1871 1492 1131 2160 1926 1272 961 938 1765 1159 1943 2363 2362 167 971 72 2211 1649 1685 1641 1816 2392 1179 1525 1821 2617 1354 1220 2429 1750 0.0 1525 1225 1220 2410 1822 1945 242 1555 657 1628 1495 1194 
9380 1942 1965 871 2926 1219 864 763 2370 1989 2477 2183 2309 1769 1852 681 2148 1656 2831 2746 2859 1768 1468 1673 1657 595 2068 611 1839 2889 1676 0.0 2204 2639 1851 1717 2926 2247 1600 0.0 1833 1717 2726 2319 574 1217 29 1722 3117 2074 1577 
10398 1384 622 1535 1705 596 2067 1427 1147 852 1417 1720 1167 657 1939 769 1006 559 1694 1604 1638 1146 247 1050 1845 1282 1009 1275 1376 1668 539 1356 1061 1992 714 605 1705 1026 978 1356 0.0 605 1651 1182 1777 1078 1386 1635 2013 771 730 
10254 1525 828 1812 1502 873 2344 1703 1354 432 837 1927 1374 52 1772 1046 1213 60 1216 1810 1584 1422 454 1327 2121 1559 1215 1551 1583 1626 523 1633 1268 2198 519 0.0 1502 1124 1254 1633 708 0.0 1858 762 2053 898 1663 1641 1734 977 937 
11548 2710 1006 2061 2131 1922 3358 2175 690 1696 2310 893 508 1669 3366 2095 645 1750 2362 387 1667 2471 1572 2376 1254 2035 766 2027 1000 1678 1383 2506 740 1019 1558 1722 2131 1136 2303 2506 1331 1722 0.0 1568 3137 2403 2787 3236 3207 857 1075 
15188 2296 886 2447 932 1508 2979 2338 736 317 1199 2069 1010 697 2521 1681 943 809 793 1431 1080 2057 1037 1962 2083 2194 1433 2186 1830 1003 714 2268 1242 2446 679 749 932 362 1889 2268 1157 749 1426 0.0 2688 1647 2298 2391 2096 1035 1236 
9115 2095 2309 1216 3529 1709 290 1107 2714 2479 2978 2527 2654 2259 2342 1171 2492 2146 3321 3090 3462 2220 1958 2163 2001 1179 2412 955 2183 3505 2166 711 2548 2984 2341 2207 3529 2851 2090 711 2177 2207 3070 2809 0.0 1707 741 2212 3607 2418 1921 
9503 774 1420 1986 2503 421 2122 1878 1945 1566 1604 2594 2000 1346 1020 671 1839 1233 2408 2437 2436 641 1045 545 2285 1493 1759 1726 2250 2466 1253 1411 1894 3050 1428 1294 2503 1824 473 1411 1299 1294 2484 1896 1831 0.0 1440 890 2285 1569 1268 
9350 1912 1935 841 2896 1189 835 733 2340 1959 2447 2153 2280 1739 1822 651 2118 1626 2801 2716 2829 1738 1438 1643 1627 565 2038 581 1809 2859 1646 191 2174 2609 1821 1687 2896 2217 1570 191 1803 1687 2696 2289 544 1187 0.0 1692 3087 2044 1547 
8873 793 2024 2215 3107 1115 2351 2107 2959 2170 1676 2823 2899 1749 391 1220 2738 1636 2488 3308 3040 700 1649 605 2565 1722 2658 1955 2479 3070 1857 1640 2793 3279 2032 1697 3107 2428 677 1640 1903 1697 3355 2500 2060 914 1669 0.0 1656 2173 2166 
12616 2212 2459 3634 2940 2121 3770 3526 2936 1972 1031 4242 3210 1917 1386 2639 2843 1675 1745 3632 3022 2220 2084 2124 3529 3141 2846 3374 3898 3064 2125 3059 2899 4699 2059 1736 2940 2562 2197 3059 2338 1736 3627 2200 3479 1788 3089 1546 0.0 2608 2511 
10953 1961 149 1692 1373 1173 2681 1584 543 947 1561 1280 516 920 2771 1346 355 1001 1769 953 1306 1722 823 1627 1295 1440 479 1432 1095 1174 634 1911 410 1462 809 973 1373 688 1554 1911 596 973 1000 976 2459 1654 2110 2640 2458 0.0 449 
10503 1646 388 1243 1608 859 2231 1135 792 1108 1673 990 732 913 2321 1031 571 815 1950 1169 1540 1408 503 1312 1005 990 491 983 646 1583 795 1462 626 1446 970 861 1608 929 1240 1462 255 861 1216 1184 2010 1340 1661 2191 2269 497 0.0 
