-1.61581 47.2168 -1.6155502 47.2168387 607446837
1
100 
50
14 10 7 10 -1.53515 47.2205 -1.5352051 47.2204994 315774951
6 10 9 12 -1.5346 47.2198 -1.5344648 47.2196795 315770088
23 10 16 20 -1.56079 47.2119 -1.5616218 47.2122012 292679470
10 5 7 12 -1.54074 47.2154 -1.5408377 47.2154014 340551041
23 5 12 14 -1.56501 47.2148 -1.5651713 47.2147869 296394097
13 5 12 14 -1.55921 47.2217 -1.5591799 47.2216509 1763562010
5 10 7 10 -1.56129 47.2182 -1.5609282 47.2188688 287431452
34 10 7 12 -1.55132 47.2057 -1.550613 47.2057178 360242865
9 5 7 12 -1.54416 47.2212 -1.5437025 47.2213434 336115372
1 5 7 10 -1.55618 47.2051 -1.5564435 47.2051079 291115039
11 10 14 17 -1.56024 47.215 -1.5606888 47.2149608 315258292
4 5 9 12 -1.55789 47.2236 -1.5587943 47.2248437 1568181033
12 10 9 12 -1.54825 47.2051 -1.5480813 47.2050942 360242871
27 5 7 12 -1.5687 47.2118 -1.5693164 47.2117256 296394114
18 5 12 14 -1.55938 47.2096 -1.5589808 47.209511 292328153
26 5 7 10 -1.5652 47.2223 -1.5651534 47.2221917 287952526
9 5 6 9 -1.54874 47.2056 -1.548809 47.2057185 4212687165
11 10 6 9 -1.57223 47.2143 -1.5721753 47.2144638 3164559707
48 10 9 12 -1.56577 47.2042 -1.56588 47.2041241 2870930675
25 5 16 20 -1.54231 47.2076 -1.5421464 47.2075145 365379438
15 5 9 12 -1.54461 47.2254 -1.5446801 47.225178 302423969
32 5 7 12 -1.5469 47.2116 -1.5469039 47.2113974 292734481
25 10 7 12 -1.54381 47.2114 -1.5439678 47.2115667 292916760
26 10 14 17 -1.5433 47.2182 -1.5435166 47.218351 336121914
18 5 6 9 -1.56711 47.212 -1.567104 47.2121872 296394109
30 10 16 20 -1.57077 47.2096 -1.5707129 47.2095563 309249444
26 5 16 20 -1.54534 47.2013 -1.5450228 47.2014092 652535174
23 10 7 10 -1.57121 47.2128 -1.5715517 47.2128133 1658935844
14 5 12 14 -1.55963 47.2259 -1.5597928 47.2260109 285972392
13 5 7 10 -1.57497 47.2091 -1.5746698 47.208898 309249498
17 5 6 9 -1.56559 47.2328 -1.5656511 47.232967 307965943
13 5 12 14 -1.54257 47.2273 -1.5425873 47.2271465 277456640
12 10 14 17 -1.55689 47.2256 -1.5573741 47.2254072 289487116
37 10 7 12 -1.5627 47.222 -1.5625946 47.2218498 3273097435
5 5 7 10 -1.55654 47.2137 -1.5567027 47.2135841 4988076365
35 5 9 12 -1.55839 47.217 -1.5572152 47.2175279 3383262061
27 5 9 12 -1.53578 47.2156 -1.5355947 47.2156249 1556271482
18 10 7 12 -1.57001 47.2103 -1.5700136 47.2104313 305744073
27 5 7 10 -1.54243 47.2272 -1.5425873 47.2271465 277456640
22 5 6 9 -1.55937 47.2219 -1.5592456 47.2219182 120165974
19 10 7 10 -1.54508 47.2021 -1.5450284 47.2018985 309437622
21 10 14 17 -1.55163 47.2068 -1.5520395 47.2068104 796994215
29 5 6 9 -1.56133 47.212 -1.5616218 47.2122012 292679470
2 10 7 10 -1.55632 47.2185 -1.556277 47.2188331 364688369
12 10 16 20 -1.55899 47.2122 -1.5591216 47.2120003 292672036
12 5 7 10 -1.56002 47.2165 -1.5594851 47.2170207 3397963523
41 5 9 12 -1.53845 47.2028 -1.5377468 47.2025022 652575505
12 5 14 17 -1.553 47.2046 -1.5533498 47.2046682 360697021
26 5 7 10 -1.54951 47.2224 -1.5497998 47.2226662 302423527
35 10 7 10 -1.56418 47.2125 -1.5643077 47.212457 296394102
0.0 695 717 447 634 395 502 430 560 606 530 426 458 586 409 482 411 585 375 501 632 633 606 589 622 426 362 606 383 447 363 385 619 473 450 493 484 638 385 619 499 611 565 447 507 465 440 672 538 575 453 
737 0.0 22 311 159 346 276 301 274 88 308 295 280 262 396 269 363 274 399 365 269 155 225 178 101 374 388 292 417 290 427 357 111 294 309 268 247 110 412 111 276 309 272 311 251 281 298 331 297 198 328 
750 12 0.0 318 166 353 289 314 281 101 315 302 293 269 403 276 376 281 406 372 276 168 232 185 108 381 395 299 423 303 434 370 124 307 322 275 260 117 419 124 289 315 279 318 264 288 305 338 304 211 335 
494 307 294 0.0 202 124 230 157 135 258 116 100 236 160 141 56 233 168 177 173 198 306 180 164 215 119 133 189 161 247 172 302 317 251 202 71 133 212 157 317 230 194 123 0.0 162 41 123 255 121 275 95 
633 167 154 214 0.0 268 287 256 158 205 192 218 290 146 280 153 333 158 320 249 153 257 109 62 151 258 272 176 300 301 311 368 268 305 301 191 198 51 296 268 287 192 156 214 222 184 222 219 181 278 239 
426 315 337 67 254 0.0 182 87 202 226 183 46 193 227 97 124 146 236 52 201 266 275 234 231 242 53 110 257 85 204 141 208 285 208 133 113 104 279 114 285 182 262 191 67 127 85 78 323 189 235 73 
519 289 311 159 289 116 0.0 45 274 201 256 120 97 268 205 196 122 281 161 310 307 197 269 271 217 162 219 299 194 108 250 174 189 112 90 156 117 327 223 189 86 315 263 159 98 155 71 376 261 139 174 
477 298 320 122 253 71 94 0.0 238 209 219 84 105 232 160 159 80 244 116 265 271 206 233 265 225 116 174 262 148 116 204 183 197 120 48 120 103 291 178 197 94 279 227 122 107 119 35 340 225 147 129 
545 296 283 140 181 194 273 227 0.0 293 33 170 276 33 196 85 303 46 235 91 72 343 118 131 240 190 184 63 213 287 223 354 354 291 272 141 185 179 208 354 273 80 28 140 208 111 193 141 39 316 165 
659 88 110 258 247 284 188 213 311 0.0 292 240 191 299 343 271 275 311 329 349 293 82 220 202 58 321 356 329 361 202 395 269 93 206 220 213 159 199 377 93 188 345 299 258 163 243 239 359 297 110 273 
511 333 320 142 229 196 275 229 50 295 0.0 172 278 76 162 87 305 75 202 57 122 345 168 181 242 159 150 96 179 289 189 356 356 293 274 143 187 230 174 356 275 100 58 142 210 113 194 162 28 318 167 
483 281 303 45 221 60 152 75 168 193 149 0.0 163 193 130 89 133 202 112 206 232 241 201 197 208 108 143 223 145 174 183 231 252 178 120 67 71 245 164 252 152 227 157 45 94 49 45 289 155 205 61 
467 267 290 195 291 165 48 93 282 179 263 169 0.0 270 254 228 131 282 210 320 309 175 267 249 195 210 268 300 242 10 298 77 166 14 77 161 96 310 272 166 44 317 271 195 77 187 120 378 269 116 211 
570 287 274 166 172 219 277 246 31 297 59 195 280 0.0 221 110 323 12 261 116 63 347 109 122 243 216 209 41 238 291 248 358 358 295 291 167 188 171 233 358 277 58 54 166 212 136 211 119 34 319 191 
409 406 393 114 291 107 274 179 212 326 182 137 284 238 0.0 134 227 237 54 153 284 374 258 241 310 69 62 258 31 295 98 279 376 299 222 163 194 290 72 376 273 263 217 114 223 132 179 324 190 326 104 
480 271 258 73 156 126 233 160 94 260 75 102 238 119 127 0.0 236 128 168 133 158 309 123 107 212 105 119 149 147 249 158 305 320 253 204 74 136 155 143 320 232 154 83 73 164 43 125 215 81 278 98 
419 351 374 181 316 129 137 63 301 263 282 147 143 295 218 222 0.0 307 174 323 334 259 296 328 279 174 231 325 206 149 262 167 251 158 70 183 166 354 236 251 133 342 290 181 161 182 98 403 288 201 187 
564 282 269 159 167 213 271 241 18 291 52 189 275 19 215 104 318 0.0 254 109 58 341 104 117 238 209 203 49 231 285 242 352 352 289 286 160 183 165 227 352 271 66 42 159 206 129 206 127 54 314 184 
373 367 390 116 307 52 219 124 252 279 226 99 230 277 104 173 173 281 0.0 197 315 327 287 281 294 63 58 302 32 241 88 225 322 245 168 166 157 329 62 322 219 307 240 116 180 135 127 368 234 272 122 
532 405 391 203 293 233 346 300 112 366 82 243 350 138 183 158 356 137 223 0.0 184 416 230 243 313 180 171 158 200 360 210 408 427 364 345 214 258 292 195 427 346 163 129 203 281 184 266 224 90 389 215 
617 262 249 213 147 266 306 275 72 261 106 237 309 58 268 157 352 70 308 163 0.0 313 138 97 207 263 256 88 285 320 295 386 324 324 320 210 217 145 280 324 305 104 88 213 240 183 240 110 93 334 238 
646 134 156 264 293 290 194 219 327 82 308 247 198 315 349 288 281 327 335 366 341 0.0 268 250 106 327 363 345 368 208 402 266 23 188 227 219 165 245 383 23 194 362 316 264 169 250 245 407 314 91 280 
607 220 207 188 105 242 261 231 114 220 147 193 264 101 254 127 308 113 295 205 134 271 0.0 37 166 232 246 131 275 275 285 342 282 279 275 166 173 104 270 282 261 148 111 188 196 159 196 200 136 292 213 
588 183 170 175 67 229 270 251 113 182 147 205 273 101 235 108 328 113 277 204 96 234 46 0.0 128 213 227 131 256 284 266 351 245 288 296 176 193 66 251 245 270 147 111 175 217 145 216 162 136 255 200 
675 116 127 224 206 258 204 228 252 53 233 207 207 240 309 213 290 253 311 291 235 105 161 144 0.0 287 316 270 340 218 355 285 116 222 236 179 173 205 340 116 204 287 241 224 176 197 210 301 239 126 240 
418 368 388 109 286 53 220 125 207 280 177 99 231 233 43 129 175 232 63 148 279 328 253 236 295 0.0 57 253 75 242 96 227 323 246 169 158 157 285 77 323 220 258 212 109 181 127 127 319 185 273 99 
373 391 378 120 276 116 283 188 198 332 168 142 294 224 46 119 237 223 64 139 270 380 243 227 315 75 0.0 244 41 305 41 289 386 309 232 169 200 275 36 386 283 248 203 120 229 138 185 310 176 336 110 
599 322 309 194 207 248 312 281 78 326 87 224 315 51 250 139 357 63 289 144 98 377 144 157 272 244 238 0.0 266 326 277 392 388 330 326 195 223 206 262 388 311 16 94 194 247 164 246 77 63 354 219 
378 390 412 139 313 75 242 147 234 302 205 122 253 261 83 156 196 260 22 175 307 350 280 264 317 86 36 280 0.0 264 67 248 345 268 190 188 180 312 40 345 242 285 240 139 203 158 149 346 212 295 145 
456 278 301 206 302 172 55 100 293 190 274 176 10 281 261 239 130 293 216 331 320 186 278 260 206 217 274 311 249 0.0 305 66 177 25 84 172 107 321 279 177 51 328 281 206 88 198 126 389 280 127 222 
370 426 413 160 311 136 303 208 233 363 203 182 314 259 90 154 249 258 83 174 305 411 278 262 349 118 43 278 64 323 0.0 301 406 329 244 206 240 310 67 406 303 283 238 160 264 175 210 345 210 356 154 
390 345 367 265 369 212 122 167 360 257 341 242 77 348 288 306 158 360 234 393 387 252 345 327 273 244 293 378 267 66 323 0.0 238 92 150 238 174 388 297 238 118 394 348 265 154 265 193 456 346 194 271 
626 111 133 278 270 295 199 223 341 96 322 261 198 329 363 302 285 342 340 380 355 49 282 264 120 340 377 360 372 209 416 246 0.0 183 231 234 180 222 397 0.0 199 376 330 278 176 264 249 421 328 86 294 
482 282 305 210 306 180 63 108 297 194 278 184 14 285 269 243 146 297 225 335 324 179 282 264 210 225 282 315 257 25 313 92 171 0.0 92 176 111 325 287 171 59 332 285 210 92 202 134 393 284 121 226 
452 340 362 171 306 119 66 53 291 252 272 137 72 285 208 213 54 297 164 313 324 247 286 318 268 164 221 315 196 79 252 146 239 87 0.0 173 156 344 226 239 63 332 280 171 149 172 88 393 278 189 177 
564 261 248 104 159 138 161 124 150 186 131 87 164 138 189 111 201 150 191 189 177 235 139 171 147 167 203 168 220 175 242 242 246 179 169 0.0 67 197 223 246 161 185 139 104 90 90 90 246 137 203 120 
559 229 251 99 195 133 100 124 186 140 167 82 103 174 184 132 186 186 186 224 213 189 175 204 156 163 198 204 216 114 237 180 192 118 132 64 0.0 232 218 192 99 220 174 99 28 91 95 282 172 142 115 
638 116 103 225 48 279 320 290 163 204 197 253 323 151 285 158 367 163 327 254 158 272 114 67 178 263 277 181 306 334 316 400 227 337 335 225 233 0.0 301 227 319 198 161 225 256 195 256 224 186 304 250 
388 422 409 150 307 114 281 186 228 341 198 161 292 254 76 150 235 253 62 169 300 389 274 257 345 105 30 274 39 303 67 287 384 307 230 199 219 306 0.0 384 281 279 233 150 242 169 188 340 206 334 140 
626 111 133 278 270 295 199 223 341 96 322 261 198 329 363 302 285 342 340 380 355 49 282 264 120 340 377 360 372 209 416 246 0.0 183 231 234 180 222 397 0.0 199 376 330 278 176 264 249 421 328 86 294 
485 293 315 162 293 120 3 49 278 204 259 124 100 272 209 199 86 284 165 314 311 201 273 275 220 165 223 302 197 111 253 178 192 115 32 160 121 331 227 192 0.0 319 267 162 102 159 75 380 265 142 178 
605 306 292 201 190 254 295 265 62 315 93 227 298 34 256 145 342 47 296 151 82 365 128 141 262 251 244 48 273 309 283 376 376 313 309 200 207 189 268 376 295 0.0 78 201 230 171 230 73 69 338 225 
556 293 280 136 178 190 269 223 28 289 45 166 272 47 207 81 299 60 243 102 86 339 115 128 235 186 195 78 224 283 234 350 350 287 268 137 181 177 219 350 269 94 0.0 136 204 106 188 155 50 312 161 
494 307 294 0.0 202 124 230 157 135 258 116 100 236 160 141 56 233 168 177 173 198 306 180 164 215 119 133 189 161 247 172 302 317 251 202 71 133 212 157 317 230 194 123 0.0 162 41 123 255 121 275 95 
547 231 253 125 221 159 76 101 212 142 193 108 79 200 210 158 163 212 212 250 239 177 201 206 158 189 224 230 242 90 263 157 169 94 108 91 26 258 244 169 76 246 200 125 0.0 117 121 308 198 119 141 
482 291 278 29 186 83 189 116 119 217 100 59 195 144 123 40 192 153 136 157 183 265 164 148 177 102 121 174 150 206 160 261 276 210 161 30 92 196 145 276 189 178 108 29 121 0.0 81 240 106 234 54 
493 285 307 94 224 74 110 37 209 196 190 55 121 203 171 131 114 216 127 248 242 221 204 236 212 127 184 234 159 132 215 198 213 136 82 91 74 262 189 213 109 250 198 94 97 90 0.0 311 196 163 109 
664 311 298 259 195 313 364 333 130 310 152 289 367 103 315 204 410 115 354 209 106 362 193 146 256 309 303 82 331 378 342 444 373 382 378 260 275 194 327 373 363 68 146 259 298 229 298 0.0 128 383 284 
535 319 306 131 204 184 264 218 29 284 24 160 267 48 186 75 294 47 226 81 95 333 141 154 230 181 174 68 203 278 213 345 344 282 262 132 175 203 198 344 263 72 47 131 199 101 183 134 0.0 306 156 
638 180 202 236 309 263 167 191 300 92 281 219 170 288 321 261 253 300 308 338 326 86 269 252 107 300 335 318 340 181 374 248 97 185 199 192 138 291 355 97 167 334 288 236 141 222 217 396 286 0.0 252 
444 367 364 70 272 65 238 143 205 278 186 89 249 230 69 126 202 239 97 174 269 327 250 234 266 47 82 260 100 260 122 254 338 264 189 119 147 282 103 338 238 264 193 70 175 88 132 326 191 289 0.0 
0.0 7506 7691 5238 7021 4827 5964 5075 6037 6588 5607 5086 5606 6385 4395 5014 4692 6304 4151 5243 6834 7317 6284 6389 6687 5091 4005 6568 4083 5456 3881 4961 7161 5730 4999 5613 5571 7147 4153 7161 5934 6726 5833 5238 5756 5398 5204 7377 5746 6749 5279 
8919 0.0 185 2628 1492 2822 2491 2694 2925 917 3394 2414 2689 2927 4199 3142 3196 3042 3357 4129 2631 1363 2154 1804 824 4019 4133 3347 4463 2839 4557 3730 931 2813 2742 2207 2246 978 4383 931 2488 3574 2906 2628 2275 2380 2442 3175 3379 1877 2661 
9028 108 0.0 2685 1549 2879 2599 2803 2982 1026 3451 2471 2798 2984 4256 3199 3304 3099 3414 4187 2688 1472 2211 1861 881 4076 4190 3404 4520 2948 4614 3839 1039 2922 2851 2264 2354 1035 4440 1039 2597 3631 2963 2685 2384 2437 2499 3232 3436 1986 2718 
4972 2601 2492 0.0 1922 1023 1877 1271 1530 2125 1266 813 2137 1594 1175 471 1925 1877 1558 2002 2058 2600 1741 1846 1834 995 1109 2142 1439 2287 1533 3336 2858 2261 1620 597 1080 2604 1360 2858 1875 2299 1225 0.0 1343 341 981 2951 1320 2292 780 
6900 1519 1410 2013 0.0 2447 2553 2322 1830 1763 2299 2004 2751 1832 3104 2047 2963 1947 2982 3034 1535 2266 1059 709 1316 2923 3038 2252 3368 2901 3461 3793 2525 2875 2671 1797 1855 536 3288 2525 2551 2479 1811 2013 2010 1765 2032 2101 2284 2370 2204 
4491 2804 2989 536 2319 0.0 1516 733 2066 1886 1803 384 1779 2130 807 1007 1219 2414 535 1749 2594 2360 1846 2382 1985 443 924 2678 806 1929 1274 2562 2597 1903 1088 911 869 3140 1092 2597 1513 2836 1762 536 1054 696 645 3488 1857 1958 577 
5601 2595 2780 1284 2605 975 0.0 378 2651 1677 2388 989 982 2433 1716 1592 1020 2548 1443 2657 2897 1728 2132 2260 1806 1351 1833 2854 1714 1132 2182 2023 1799 1106 728 1273 982 3167 2000 1799 716 3081 2346 1284 823 1252 595 3732 2441 1160 1396 
5249 2659 2844 981 2302 596 782 0.0 2348 1741 2084 685 1046 2130 1337 1289 668 2245 1064 2278 2594 1792 1829 2133 1871 972 1454 2550 1336 1196 1803 2087 1863 1170 376 970 852 2863 1621 1863 780 2777 2043 981 887 949 292 3429 2138 1225 1049 
5774 2917 2808 1531 1907 1965 2641 2213 0.0 2847 469 1755 2840 332 2013 1009 2867 447 2432 1204 797 3303 931 1099 2400 1886 1912 753 2241 2990 2335 3881 3562 2964 2562 1539 1944 1935 2162 3562 2639 980 233 1531 2098 1283 1923 1631 523 2994 1721 
7814 917 1103 2101 2410 2373 1573 1776 3027 0.0 2764 1965 1771 2694 2698 2305 2278 2809 2841 3499 2514 760 1763 1687 485 2517 2815 3114 3112 1921 3238 2812 1019 1895 1824 1758 1328 1896 3024 1019 1570 3341 2723 2101 1357 1987 1993 3079 2818 923 2213 
5304 3010 2902 1375 2332 1809 2485 2057 603 2691 0.0 1599 2684 951 1543 853 2711 869 1963 735 1400 3147 1535 1703 2244 1515 1442 1134 1772 2834 1866 3725 3406 2808 2406 1383 1788 2538 1692 3406 2483 1291 488 1375 1942 1127 1767 1943 312 2838 1565 
5657 2527 2713 358 2042 500 1264 626 1785 1609 1521 0.0 1528 1849 974 726 1112 2132 1035 2257 2313 2084 1569 2101 1708 793 1091 2397 1307 1678 1514 2754 2342 1652 981 534 592 2859 1300 2342 1262 2554 1480 358 778 386 368 3206 1575 1707 488 
6043 2588 2773 1778 2800 1391 415 794 2962 1670 2699 1404 0.0 2628 2131 2052 1092 2743 1858 3434 3092 1710 2329 2253 1800 1767 2248 3049 2130 150 2597 1041 1781 124 639 1517 976 3032 2416 1781 385 3276 2657 1778 817 1712 1011 3927 2752 1143 1890 
6068 2985 2876 1825 1975 2258 2478 2247 269 2684 763 2048 2676 0.0 2307 1303 2889 114 2726 1498 803 3140 1000 1168 2237 2180 2205 574 2535 2826 2629 3718 3398 2800 2596 1833 1780 2003 2456 3398 2476 801 468 1825 1935 1577 1957 1452 452 2831 2015 
4082 4234 4125 844 3223 987 2372 1589 2142 2587 1711 1039 2636 2489 0.0 1118 2131 2408 452 1347 2939 3061 2388 2493 2457 577 523 2673 261 2786 822 3127 3453 2760 1857 1262 1484 3251 640 3453 2370 2830 1938 844 1715 1006 1351 3482 1851 2814 754 
4853 3115 3006 610 2105 1043 1898 1291 1124 2146 861 833 2157 1188 1057 0.0 1945 1471 1500 1596 1652 2620 1269 1374 1808 876 991 1736 1320 2308 1414 3356 2879 2282 1640 618 1100 2132 1241 2879 1895 1893 819 610 1363 362 1001 2545 914 2312 800 
4766 3115 3301 1490 2830 1078 1044 527 2875 2198 2612 1213 1129 2658 1819 1816 0.0 2772 1546 2760 3122 2249 2357 2660 2327 1454 1936 3078 1818 1221 2285 1862 2320 1253 565 1497 1380 3391 2104 2320 1013 3305 2570 1490 1344 1477 820 3957 2665 1681 1531 
5929 2861 2753 1686 1851 2120 2354 2123 154 2560 624 1910 2553 215 2168 1164 2765 0.0 2587 1359 679 3016 876 1044 2113 2041 2067 635 2396 2703 2490 3594 3275 2677 2473 1694 1657 1879 2317 3275 2352 862 353 1686 1811 1438 1834 1514 667 2707 1876 
3956 3339 3524 912 2854 535 1919 1136 2443 2421 2175 919 2183 2506 963 1384 1678 2872 0.0 1811 2971 2895 2381 2758 2520 624 574 3137 271 2333 738 2674 3000 2307 1405 1331 1404 3517 557 3000 1917 3294 2138 912 1589 1075 1154 3946 2315 2362 953 
5434 4043 3934 1799 3333 2088 3518 3089 1426 3724 995 2631 3716 1773 1673 1886 3371 1692 2092 0.0 2223 4179 2358 2525 3276 1645 1571 1956 1901 3866 1995 4368 4438 3840 3438 2415 2820 3361 1822 4438 3515 2114 1520 1799 2975 2159 2799 2766 1135 3870 1822 
6571 2737 2629 2328 1727 2761 2812 2581 796 2447 1266 2263 3010 736 2810 1806 3223 851 3229 2001 0.0 2949 1334 1081 2000 2683 2709 1156 3038 3160 3132 4052 3208 3135 2930 2056 2114 1755 2959 3208 2810 1383 975 2328 2269 2080 2291 1042 1188 3053 2518 
7525 1225 1411 2266 2718 2538 1738 1941 3252 797 2989 2130 1936 2919 2863 2530 2443 3033 3006 3724 3025 0.0 2274 2198 996 2682 2980 3339 3277 2086 3403 2607 294 1680 1989 1923 1493 2204 3189 294 1735 3566 2948 2266 1522 2152 2158 3590 3043 908 2378 
6362 2100 1991 1500 1090 1933 2040 1809 922 1810 1392 1490 2238 925 2565 1508 2450 1040 2469 2127 1165 2312 0.0 289 1362 2385 2499 1345 2829 2388 2923 3279 2571 2362 2158 1283 1342 1118 2750 2571 2037 1572 904 1500 1496 1252 1519 1731 1377 2416 1690 
6228 1810 1702 1934 800 2368 2256 2120 1157 1520 1626 2158 2454 1159 2431 1374 2761 1274 2875 2362 876 2022 350 0.0 1073 2251 2365 1579 2695 2605 2789 3496 2281 2579 2469 1942 1653 828 2615 2281 2254 1806 1138 1934 1808 1686 1830 1442 1612 2126 2124 
7944 950 1042 1813 1952 2085 1703 1906 2542 447 2279 1677 1901 2208 2410 1819 2407 2323 2620 3014 2028 949 1277 1201 0.0 2229 2668 2628 2672 2051 3091 2942 1208 2025 1954 1470 1441 1980 2918 1208 1700 2855 2237 1813 1471 1679 1706 2594 2332 1053 1925 
4343 3247 4083 802 3182 443 1827 1045 2100 2329 1670 828 2091 2448 364 1077 1726 2366 624 1305 2897 2804 2347 2452 2428 0.0 481 2631 626 2241 905 2723 2908 2215 1383 1221 1312 3210 690 2908 1825 2788 1896 802 1498 965 1062 3440 1809 2270 713 
3965 4123 4015 893 3113 1158 2543 1760 2031 2635 1601 1088 2806 2379 389 1008 2301 2298 623 1237 2828 3110 2278 2383 2675 626 0.0 2562 432 2956 345 3298 3624 2930 2028 1311 1533 3141 353 3624 2540 2720 1827 893 1764 1055 1400 3371 1740 2985 803 
6412 3475 3367 2169 2465 2603 2968 2851 952 3184 1107 2393 3167 711 2651 1647 3505 826 3070 1842 1293 3687 1490 1658 2737 2524 2550 0.0 2879 3317 2973 4208 3945 3291 3087 2177 2271 2493 2800 3945 2966 226 1131 2169 2425 1921 2447 878 796 3321 2359 
3821 3530 3715 1103 3509 725 2110 1327 2427 2612 1997 1110 2374 2775 785 1404 1869 2693 190 1632 3224 3086 2674 2778 2711 814 395 2958 0.0 2524 560 2865 3191 2498 1595 1521 1595 3537 378 3191 2108 3115 2223 1103 1780 1266 1345 3767 2136 2552 1144 
5892 2738 2924 1928 2951 1483 507 886 3112 1820 2849 1497 150 2779 2223 2202 1191 2893 1951 3584 3243 1860 2480 2403 1950 1859 2341 3199 2222 0.0 2690 891 1931 274 731 1667 1126 3182 2508 1931 477 3426 2807 1928 967 1862 1103 4078 2902 1293 2040 
3778 4415 4306 1311 3405 1447 2832 2049 2323 3334 1893 1832 3095 2671 848 1300 2491 2589 912 1528 3120 3808 2569 2674 2966 1086 459 2854 536 2874 0.0 3488 3913 3220 2218 1728 2316 3433 607 3913 2829 3011 2119 1311 2502 1472 2067 3663 2032 3274 1263 
5001 3629 3815 3093 3842 2682 1399 1777 4003 2711 3740 2388 1041 3670 3311 3093 1550 3785 2826 4252 4134 2752 3371 3295 2841 2947 3401 4090 3098 891 3565 0.0 2239 1165 1622 2559 2017 4074 3384 2239 1369 4317 3699 3093 1858 2754 1995 4969 3794 2184 3135 
7988 931 1116 2487 2423 2669 1868 2072 3474 1019 3211 2352 1826 3141 3084 2752 2573 3255 3136 3946 3247 577 2496 2420 1218 3045 3201 3561 3408 1976 3625 3070 0.0 1702 2120 2145 1715 1909 3411 0.0 1866 3788 3169 2487 1674 2374 2289 3812 3264 930 2599 
6167 2577 2763 1902 2925 1515 539 918 3086 1794 2823 1528 124 2753 2255 2176 1216 2867 1983 3558 3217 1575 2454 2378 1924 1891 2372 3173 2254 274 2722 1165 1646 0.0 763 1642 1100 3156 2540 1646 509 3400 2782 1902 941 1837 1135 4052 2876 1007 2014 
5042 3151 3337 1406 2747 995 478 444 2792 2233 2529 1130 563 2574 1736 1733 453 2689 1463 2677 3039 2274 2273 2577 2363 1371 1853 2995 1734 655 2202 1547 2345 687 0.0 1414 1297 3308 2020 2345 448 3222 2487 1406 1380 1394 736 3874 2582 1706 1447 
5420 2150 2042 844 1528 1116 1341 1026 1690 1528 1427 708 1539 1356 1441 968 1668 1471 1651 2162 1820 2002 1055 1359 1194 1260 1558 1777 1703 1689 1981 2581 2261 1664 1376 0.0 560 2090 1767 2261 1339 2004 1385 844 745 730 737 2655 1480 1694 956 
5378 2089 2275 802 1824 1074 834 1037 1986 1171 1723 666 1032 1652 1399 1076 1539 1767 1609 2458 2116 1646 1351 1699 1301 1218 1516 2072 1661 1182 1939 2073 1825 1156 1085 541 0.0 2385 1725 1825 831 2299 1681 802 230 736 777 2951 1776 1186 914 
7017 982 873 2724 514 3157 2928 2838 1946 1900 2416 2520 3126 1949 3221 2164 3479 2064 3664 3151 1652 2346 1176 825 1744 3040 3155 2369 3484 3276 3578 4167 1913 3250 3187 2312 2371 0.0 3405 1913 2925 2596 1928 2724 2526 2475 2548 2218 2401 2797 2914 
4046 4426 4317 1196 3416 1091 2475 1692 2334 2977 1904 1475 2739 2682 692 1311 2234 2601 556 1539 3131 3451 2581 2686 2978 929 302 2865 365 2889 607 3231 3556 2863 1961 1614 1960 3444 0.0 3556 2473 3022 2130 1196 2145 1358 1710 3674 2043 2918 1106 
7988 931 1116 2487 2423 2669 1868 2072 3474 1019 3211 2352 1826 3141 3084 2752 2573 3255 3136 3946 3247 577 2496 2420 1218 3045 3201 3561 3408 1976 3625 3070 0.0 1702 2120 2145 1715 1909 3411 0.0 1866 3788 3169 2487 1674 2374 2289 3812 3264 930 2599 
5296 2625 2810 1314 2636 1005 30 408 2681 1707 2418 1019 1012 2464 1746 1622 707 2578 1473 2687 2928 1758 2163 2290 1837 1381 1863 2884 1744 1162 2212 2053 1829 1136 253 1303 1012 3197 2030 1829 0.0 3111 2376 1314 853 1283 626 3763 2471 1191 1426 
6553 3248 3140 2310 2238 2743 2741 2510 725 2947 1248 2192 2940 484 2792 1788 3152 599 3211 1983 1066 3403 1263 1431 2500 2664 2690 527 3020 3090 3114 3981 3662 3064 2860 1985 2044 2266 2940 3662 2739 0.0 904 2310 2198 2062 2220 731 937 3094 2500 
5783 2898 2790 1324 1888 1758 2434 2006 233 2640 478 1548 2633 501 2022 802 2660 616 2293 1214 965 3096 913 1081 2193 1679 1921 921 2251 2783 2345 3674 3355 2757 2355 1332 1737 1916 2171 3355 2432 1148 0.0 1324 1891 1076 1716 1800 532 2787 1514 
4972 2601 2492 0.0 1922 1023 1877 1271 1530 2125 1266 813 2137 1594 1175 471 1925 1877 1558 2002 2058 2600 1741 1846 1834 995 1109 2142 1439 2287 1533 3336 2858 2261 1620 597 1080 2604 1360 2858 1875 2299 1225 0.0 1343 341 981 2951 1320 2292 780 
6880 2105 2291 1020 2042 1292 639 842 2204 1187 1940 884 837 1870 1616 1293 1344 1985 1827 2675 2334 1559 1569 1715 1317 1436 1734 2290 1878 987 2157 1878 1630 961 890 759 217 2603 1943 1630 637 2517 1899 1020 0.0 954 994 3169 1994 992 1131 
4875 2469 2361 248 1791 681 1535 929 1398 1784 1135 471 1795 1462 923 339 1583 1745 1216 1870 1926 2258 1609 1714 1450 742 1013 2010 1342 1945 1436 2994 2517 1919 1278 255 738 2472 1263 2517 1533 2167 1093 248 1001 0.0 639 2819 1188 1950 438 
5736 2548 2733 741 2063 620 919 312 2108 1630 1845 446 1182 1891 1427 1049 954 2005 1155 2580 2355 1929 1590 1893 1729 1063 1544 2311 1426 1332 1894 2224 2000 1307 662 730 613 2624 1712 2000 916 2538 1803 741 798 710 0.0 3190 1898 1361 853 
7189 3114 3005 2947 2104 3380 3418 3187 1402 2824 1884 3170 3616 1161 3428 2425 3829 1276 3848 2620 1035 3326 1808 1458 2377 3301 3327 925 3657 3766 3751 4658 3585 3740 3536 2954 2720 2132 3577 3585 3416 676 1580 2947 2875 2698 2897 0.0 1573 3430 3137 
5615 3402 3294 1373 2392 1806 2483 2054 391 2689 311 1596 2681 638 1855 851 2708 557 2274 1046 1220 3144 1417 1585 2241 1727 1753 821 2083 2831 2177 3722 3403 2805 2403 1380 1785 2420 2003 3403 2481 979 486 1373 1940 1125 1764 1631 0.0 2836 1563 
7637 1685 1870 1924 2749 2196 1396 1599 2911 767 2647 1788 1594 2577 2521 2188 2101 2692 2664 3382 3041 722 2175 2098 897 2340 2638 2997 2935 1744 3061 2635 981 1718 1647 1581 1151 2663 2847 981 1394 3224 2606 1924 1180 1810 1816 3876 2701 0.0 2036 
4464 3074 2931 438 2361 390 1850 1068 1968 2156 1705 599 2114 2032 485 910 1554 2316 757 1426 2496 2630 2179 2284 2051 304 602 2580 746 2264 1025 2794 2889 2238 1423 856 1054 3043 811 2889 1848 2738 1664 438 1285 601 921 3390 1759 2241 0.0 
