-1.60404 47.1984 -1.6036873 47.1982372 573924254
1
100 
50
26 5 6 9 -1.56577 47.2042 -1.56588 47.2041241 2870930675
26 10 14 17 -1.53845 47.2028 -1.5377468 47.2025022 652575505
19 10 6 9 -1.56337 47.2143 -1.5633432 47.2144657 315882179
9 5 7 12 -1.54534 47.2013 -1.5450228 47.2014092 652535174
5 5 14 17 -1.55091 47.2102 -1.5504649 47.2095098 292842827
34 5 9 12 -1.55921 47.2239 -1.5592123 47.2231514 287952514
8 10 12 14 -1.57028 47.2094 -1.5704088 47.2094668 303614872
33 10 12 14 -1.56764 47.2146 -1.5674796 47.2145653 315882188
42 5 7 12 -1.55164 47.2233 -1.5507265 47.2238569 302423520
28 5 7 10 -1.55594 47.2214 -1.5559809 47.2215321 1267822414
14 10 7 12 -1.54799 47.2043 -1.5478695 47.2041359 360242873
7 5 7 12 -1.56264 47.2199 -1.5623961 47.2202091 566734395
10 5 7 10 -1.55917 47.2128 -1.5583404 47.212563 305269783
24 10 7 10 -1.54276 47.2271 -1.5425873 47.2271465 277456640
24 5 7 10 -1.54544 47.2137 -1.5453132 47.2138375 301256826
28 10 7 12 -1.55459 47.2163 -1.5545202 47.2168734 626570397
15 10 6 9 -1.55695 47.2148 -1.5561331 47.2150106 2417854709
29 10 7 10 -1.55528 47.2156 -1.5560491 47.2150388 2417854710
31 10 14 17 -1.55789 47.2236 -1.5587943 47.2248437 1568181033
17 10 6 9 -1.55956 47.2256 -1.5595577 47.2257317 285972441
29 5 12 14 -1.54004 47.2184 -1.539127 47.2185542 597295106
12 10 9 12 -1.54709 47.2168 -1.5468487 47.2165498 597296096
1 10 9 12 -1.54004 47.208 -1.5397335 47.2076151 2051049382
10 10 7 10 -1.55601 47.2151 -1.5560491 47.2150388 2417854710
30 10 12 14 -1.55921 47.2217 -1.5591799 47.2216509 1763562010
21 5 16 20 -1.55836 47.214 -1.5583404 47.212563 305269783
13 10 16 20 -1.54825 47.2051 -1.5480813 47.2050942 360242871
20 10 9 12 -1.55914 47.2214 -1.5591799 47.2216509 1763562010
29 10 7 10 -1.566 47.2041 -1.56588 47.2041241 2870930675
14 5 7 12 -1.56818 47.2179 -1.5685585 47.2176721 291356016
25 10 7 10 -1.55732 47.2156 -1.5575279 47.2159756 315304346
12 10 9 12 -1.56516 47.2173 -1.5648389 47.2169626 287431468
36 10 7 12 -1.56241 47.2152 -1.5630876 47.2151297 315258306
35 10 14 17 -1.57001 47.2103 -1.5700136 47.2104313 305744073
5 10 7 10 -1.57345 47.2086 -1.573089 47.208788 309249458
10 5 12 14 -1.5561 47.2139 -1.5567027 47.2135841 4988076365
20 10 7 10 -1.56733 47.214 -1.5673574 47.2138754 301893484
30 10 14 17 -1.549 47.2101 -1.5489078 47.2100021 292734490
12 5 16 20 -1.56425 47.212 -1.5646666 47.2117554 292302287
4 10 7 10 -1.54836 47.2208 -1.5487105 47.2205479 336121942
36 5 7 10 -1.54074 47.2154 -1.5408377 47.2154014 340551041
7 5 16 20 -1.5606 47.216 -1.560867 47.2155924 1976600453
20 10 9 12 -1.56833 47.209 -1.56843 47.2090508 1659601648
19 5 7 10 -1.55384 47.2182 -1.5539675 47.2181433 1205616375
31 5 16 20 -1.55898 47.2151 -1.5596041 47.2150027 1652977881
11 5 6 9 -1.55888 47.2146 -1.5596041 47.2150027 1652977881
9 10 6 9 -1.55137 47.2108 -1.5516039 47.2109427 292734442
37 5 9 12 -1.55377 47.2189 -1.5537849 47.2190008 292348612
11 10 7 12 -1.55786 47.2147 -1.558366 47.2155435 315857226
30 5 9 12 -1.5533 47.2187 -1.5533956 47.2185703 292348618
0.0 397 568 421 502 474 590 318 393 610 558 480 495 409 675 537 492 459 459 566 558 604 532 540 459 578 409 482 578 397 435 462 433 427 345 284 429 383 470 360 631 534 437 298 517 439 439 470 534 452 528 
403 0.0 224 240 158 179 378 173 212 371 319 137 317 194 427 277 247 221 221 350 358 344 272 197 221 346 194 138 346 0.0 259 248 252 246 195 195 214 203 199 179 383 293 252 146 271 234 234 201 289 242 282 
535 209 0.0 290 82 145 395 304 334 369 336 117 359 240 373 217 264 238 238 367 375 287 231 87 238 364 240 103 364 209 342 265 326 296 327 326 260 332 165 308 330 195 297 278 288 279 279 166 306 276 299 
398 224 316 0.0 250 179 211 137 44 210 156 229 94 88 278 225 96 87 117 186 194 288 191 271 117 175 88 220 175 224 52 64 36 12 138 157 106 53 199 92 235 247 35 140 119 49 49 157 138 94 131 
470 144 77 225 0.0 93 343 239 269 336 284 66 307 175 388 201 212 187 186 315 323 303 237 102 186 312 175 51 312 144 277 213 261 230 262 261 195 267 113 243 346 207 232 213 237 214 214 114 254 223 247 
445 150 155 176 77 0.0 250 215 221 243 191 62 214 126 299 114 119 93 93 222 230 216 144 98 93 219 126 47 219 150 226 120 202 177 237 237 123 222 20 196 256 142 152 188 143 140 140 21 161 131 154 
504 330 396 168 319 241 0.0 242 150 141 86 303 77 185 209 256 155 150 179 117 125 302 210 339 179 20 185 289 20 330 142 126 110 141 244 263 176 159 261 220 196 310 114 246 142 130 130 219 112 164 119 
269 135 306 132 240 213 313 0.0 92 315 260 219 196 145 383 276 205 196 195 291 299 342 269 279 195 280 145 221 280 135 136 173 132 133 33 32 166 94 209 71 344 273 148 34 228 150 150 208 247 163 240 
354 180 341 60 275 207 221 92 0.0 222 168 253 104 114 291 253 124 116 145 199 207 316 219 296 145 188 114 245 188 180 46 92 40 40 93 113 134 9 227 78 263 275 63 96 148 78 78 185 166 122 159 
571 351 408 236 331 253 162 328 240 0.0 103 315 181 228 68 235 140 162 176 133 142 191 173 351 176 130 228 300 130 351 232 188 200 231 333 348 191 249 273 267 55 321 204 315 127 198 198 231 98 160 104 
505 290 347 169 270 192 59 243 151 67 0.0 254 92 167 136 184 82 101 119 30 38 230 138 290 119 41 167 239 41 290 143 127 111 142 244 264 130 160 212 206 123 261 115 247 69 131 131 170 40 99 46 
452 126 112 207 34 65 316 221 251 309 257 0.0 280 157 365 174 185 159 158 287 296 281 210 83 158 284 157 23 284 126 259 186 243 213 244 243 177 249 86 225 321 180 214 195 209 196 196 87 227 196 220 
463 289 364 127 287 209 116 201 109 144 90 271 0.0 153 213 255 126 118 147 104 108 306 214 307 147 98 153 256 98 289 89 94 69 100 203 222 144 118 229 179 200 277 82 205 145 98 98 187 116 132 122 
364 168 250 70 184 111 213 133 115 206 154 162 153 0.0 266 157 83 50 49 184 193 220 123 205 49 181 0.0 154 181 168 123 77 107 76 155 155 20 124 132 90 222 180 78 107 108 60 60 89 125 69 118 
618 380 421 289 360 282 226 380 308 68 171 344 250 274 0.0 229 167 204 203 198 206 168 167 349 203 199 274 329 199 380 300 231 268 288 397 401 234 317 302 319 78 270 263 361 154 250 250 260 152 213 146 
494 239 191 227 166 108 300 264 271 270 241 150 264 177 274 0.0 169 144 143 272 280 188 132 119 143 269 177 136 269 239 277 171 252 227 286 286 173 271 94 246 231 96 203 237 194 190 190 93 211 181 205 
450 220 277 121 200 122 137 212 166 130 78 184 156 107 182 141 0.0 36 36 109 117 193 96 221 36 105 107 170 105 220 169 63 145 120 229 233 66 175 143 152 138 191 95 193 24 83 83 100 41 71 35 
413 189 246 84 169 91 177 176 129 170 118 153 120 70 233 137 50 0.0 29 149 157 200 103 189 29 146 70 138 146 189 132 26 108 83 192 196 29 138 111 115 189 159 58 156 74 46 46 69 92 37 86 
414 190 247 85 169 92 163 176 130 156 104 154 121 70 218 138 36 0 0.0 134 143 200 103 190 0.0 131 70 139 131 190 133 27 109 84 193 197 30 139 112 116 175 160 59 157 59 47 47 70 78 38 71 
533 320 378 196 300 222 28 271 178 98 30 285 105 198 166 214 113 131 149 0.0 8 260 169 321 149 48 198 270 48 320 170 154 138 169 272 291 161 187 243 237 153 291 142 275 100 159 159 201 70 130 77 
532 329 386 201 309 231 32 275 182 106 38 293 110 206 175 223 121 140 157 8 0.0 269 177 329 157 52 206 278 52 329 174 159 142 173 276 295 169 192 251 245 162 299 147 279 108 163 163 209 79 138 85 
576 318 328 267 298 220 278 345 311 157 219 282 297 235 153 136 181 182 181 249 258 0.0 79 256 181 246 235 268 246 318 315 209 290 265 368 367 211 320 231 297 118 185 241 319 179 228 228 198 177 219 171 
501 244 301 187 223 146 198 271 232 156 139 208 218 161 160 124 102 102 102 170 178 132 0.0 243 102 167 161 193 167 244 235 129 211 186 293 293 132 241 166 218 118 214 161 244 100 149 149 124 98 140 91 
517 227 168 264 153 131 345 287 303 285 286 138 337 214 288 133 242 216 215 317 325 203 147 0.0 215 314 214 123 314 227 316 243 300 269 309 309 234 294 121 270 246 111 271 260 247 253 253 153 245 253 238 
414 190 247 85 169 92 163 176 130 156 104 154 121 70 218 138 36 0 0.0 134 143 200 103 190 0.0 131 70 139 131 190 133 27 109 84 193 197 30 139 112 116 175 160 59 157 59 47 47 70 78 38 71 
484 310 376 148 299 221 125 222 130 120 66 283 71 165 189 236 135 130 159 97 105 282 190 319 159 0.0 165 268 0.0 310 122 106 90 121 223 243 156 139 241 200 176 289 94 226 122 110 110 199 92 144 99 
364 168 250 70 184 111 213 133 115 206 154 162 153 0.0 266 157 83 50 49 184 193 220 123 205 49 181 0.0 154 181 168 123 77 107 76 155 155 20 124 132 90 222 180 78 107 108 60 60 89 125 69 118 
441 116 119 196 41 58 308 211 241 301 249 14 272 146 358 167 177 152 151 280 288 274 203 75 151 277 146 0.0 277 116 249 179 233 202 233 233 167 238 78 215 314 172 204 184 202 186 186 80 219 189 212 
484 310 376 148 299 221 125 222 130 120 66 283 71 165 189 236 135 130 159 97 105 282 190 319 159 0.0 165 268 0.0 310 122 106 90 121 223 243 156 139 241 200 176 289 94 226 122 110 110 199 92 144 99 
403 0.0 224 240 158 179 378 173 212 371 319 137 317 194 427 277 247 221 221 350 358 344 272 197 221 346 194 138 346 0.0 259 248 252 246 195 195 214 203 199 179 383 293 252 146 271 234 234 201 289 242 282 
401 236 364 88 298 227 208 140 56 221 167 277 92 137 290 273 144 136 166 197 197 336 239 320 166 187 137 269 187 236 0.0 112 46 61 140 160 154 65 248 135 276 296 83 152 168 98 98 205 186 142 180 
428 212 270 77 192 114 159 180 104 151 100 177 93 84 214 160 32 23 53 130 138 224 126 213 53 127 84 162 127 212 105 0.0 81 66 197 200 53 114 135 119 171 183 32 171 55 29 29 93 74 60 67 
394 220 348 71 282 205 181 132 40 182 128 261 65 120 251 251 122 113 143 159 167 314 217 303 143 148 120 252 148 220 32 90 0.0 44 133 153 138 49 225 118 238 273 67 136 145 81 81 183 154 126 157 
402 221 303 27 237 166 205 140 71 201 146 216 102 76 266 212 83 75 105 177 185 275 178 259 105 166 76 208 166 221 79 51 63 0.0 156 160 93 80 187 79 222 235 22 143 107 37 37 144 125 81 119 
303 169 340 153 274 246 314 33 93 316 262 253 198 179 384 309 218 209 229 292 301 376 302 313 229 281 179 254 281 169 138 186 133 134 0.0 54 199 102 242 104 357 307 156 67 241 171 171 242 260 196 253 
249 156 327 165 261 233 334 33 120 343 288 239 218 168 411 296 238 218 218 319 326 363 291 299 218 308 168 241 308 156 158 206 160 161 61 0.0 188 127 229 104 377 293 181 57 262 183 183 228 280 196 273 
443 189 246 115 168 91 192 206 159 185 133 153 151 100 246 137 63 30 29 164 172 200 103 189 29 161 100 138 161 189 163 57 138 113 223 226 0.0 168 111 145 202 159 89 187 87 76 76 69 105 67 98 
345 171 342 69 276 216 230 83 9 232 177 254 114 123 300 262 134 125 155 208 216 326 228 305 155 197 123 255 197 171 56 101 49 50 100 103 143 0.0 237 69 273 285 72 87 157 87 87 194 175 131 169 
499 204 209 214 131 73 288 268 259 281 229 116 252 164 304 99 157 132 131 260 268 219 163 150 131 257 164 101 257 204 264 158 240 215 291 291 161 268 0.0 234 262 127 191 242 182 178 178 59 199 169 192 
324 150 301 61 235 179 257 82 68 250 198 214 155 74 317 225 134 125 124 229 237 292 198 257 124 218 74 206 218 150 113 102 97 67 99 103 95 59 195 0.0 273 248 77 67 157 79 79 158 176 92 169 
539 301 359 210 281 203 161 301 239 79 102 265 181 195 114 180 88 125 125 133 141 136 118 299 125 130 195 251 130 301 231 152 199 209 318 322 155 248 224 241 0.0 272 184 282 75 172 172 181 73 135 67 
504 249 219 245 176 118 318 273 289 264 259 160 282 195 268 87 187 162 161 290 298 182 126 147 161 287 195 146 287 249 295 189 270 245 296 296 191 281 114 257 225 0.0 221 247 212 208 208 134 224 199 218 
427 253 359 83 293 218 196 165 72 195 141 272 80 132 264 264 135 127 156 172 180 327 230 315 156 161 132 264 161 253 73 103 49 55 166 185 149 82 238 135 251 286 0.0 169 158 93 93 196 167 137 170 
280 146 317 148 251 223 328 26 107 330 276 229 212 158 398 286 220 208 208 306 315 352 281 289 208 296 158 231 296 146 152 188 147 148 48 48 178 110 219 86 360 283 163 0.0 244 165 165 218 262 178 256 
473 243 300 144 223 145 132 235 189 124 73 207 151 130 172 144 23 59 59 103 112 194 98 244 59 100 130 193 100 243 192 86 168 143 252 256 89 198 166 175 128 214 118 216 0.0 106 106 123 31 69 25 
413 217 299 51 233 163 202 157 91 197 143 212 99 69 263 209 80 71 101 174 182 272 175 254 101 163 69 203 163 217 92 48 68 37 174 178 77 101 183 97 219 231 19 156 103 0.0 0.0 141 122 65 115 
413 217 299 51 233 163 202 157 91 197 143 212 99 69 263 209 80 71 101 174 182 272 175 254 101 163 69 203 163 217 92 48 68 37 174 178 77 101 183 97 219 231 19 156 103 0.0 0.0 141 122 65 115 
445 172 177 154 99 21 228 215 199 221 169 84 192 104 278 93 97 72 71 200 208 194 123 120 71 197 104 69 197 172 205 99 180 155 237 237 101 208 42 174 234 129 131 188 122 118 118 0.0 139 109 132 
493 263 320 164 243 165 100 255 178 93 41 227 119 149 161 144 42 79 78 71 80 194 98 263 78 68 149 212 68 263 170 106 138 163 271 276 109 187 185 194 128 233 138 236 29 125 125 143 0.0 89 6 
411 215 280 76 202 124 165 167 120 158 106 186 125 67 226 170 63 54 63 137 145 233 136 223 63 134 67 172 134 215 128 31 106 75 184 188 33 130 145 106 190 193 56 154 71 37 37 102 93 0.0 86 
486 256 314 157 236 158 107 249 184 99 47 220 126 143 165 137 36 73 72 78 86 187 91 256 72 75 143 206 75 256 176 99 144 156 265 269 102 194 179 188 122 227 132 229 23 119 119 136 6 82 0.0 
0.0 4647 6782 4668 5973 5569 7335 3942 4542 6218 5790 5704 5600 4677 7108 5856 5349 5102 5095 7144 7030 6342 5676 6474 5095 5946 4677 5790 5946 4647 5155 4988 4875 4712 4171 3639 4847 4465 5482 4199 6505 6524 4809 3757 5553 4824 4824 5233 5697 4901 5641 
4598 0.0 2766 2036 1956 2039 3964 1586 1911 3718 3291 1687 2784 2245 4438 3047 2690 2514 2507 3716 3830 3533 2937 2457 2507 3518 2245 1773 3518 0.0 2409 2731 2244 2081 1822 1770 2415 1833 2151 1568 3835 3333 2702 1366 2893 2547 2547 2220 3038 2616 2981 
6354 2620 0.0 3188 925 1621 3864 3341 3557 3313 3191 1296 3405 2784 3585 1958 2590 2415 2408 3616 3731 2633 2165 829 2408 3418 2784 1161 3418 2620 3735 2631 3491 3233 3577 3526 2954 3490 1733 3225 2992 2104 2899 3122 2794 3087 3087 1802 2938 2719 2882 
4571 1941 3430 0.0 2621 1502 1682 1143 368 1749 1297 2352 788 725 2540 1944 803 732 980 1722 1836 2374 1561 2772 980 1458 725 2073 1458 1941 546 535 303 104 1284 1315 854 446 1660 662 1959 2262 290 1171 990 414 414 1321 1151 745 1095 
5576 1842 878 2411 0.0 1171 3415 2564 2780 3169 2741 846 2955 2007 3945 1809 2140 1965 1958 3167 3281 2994 2387 1190 1958 2968 2007 711 2968 1842 2957 2181 2714 2456 2800 2749 2177 2713 1283 2447 3353 2465 2464 2344 2344 2309 2309 1352 2488 2377 2432 
4804 1789 1886 1499 1007 0.0 2243 1791 1868 1998 1570 722 1784 1095 2717 773 969 794 787 1995 2109 1812 1216 1285 787 1797 1095 587 1797 1789 2002 1010 1687 1471 2027 1976 1041 1851 157 1590 2114 1528 1278 1572 1173 1161 1161 181 1317 1098 1261 
5455 2824 3900 1397 3021 2014 0.0 2027 1252 1175 724 2736 629 1506 1966 2137 1292 1243 1491 1149 1263 2522 1755 3299 1491 167 1506 2601 167 2824 1296 1046 919 1179 2168 2199 1440 1329 2171 1706 1637 2773 953 2055 1185 1069 1069 1832 936 1332 993 
3341 1209 3344 990 2535 2131 2651 0.0 954 2805 2354 2266 1757 1114 3596 2417 1582 1538 1531 2779 2893 2904 2112 3036 1531 2515 1114 2352 2515 1209 1312 1311 1287 1293 325 274 1284 788 2044 522 2738 3086 1132 285 1769 1147 1147 1795 1930 1223 1874 
4202 1572 3506 406 2697 1737 1767 774 0.0 1851 1400 2427 873 803 2642 2179 1037 966 1215 1825 1939 2608 1795 2847 1215 1561 803 2149 1561 1572 498 769 332 339 915 946 973 77 1895 498 2193 2496 525 802 1224 648 648 1556 1385 980 1329 
5831 3513 4007 1938 3128 2120 1537 2598 2000 0.0 863 2843 1511 1877 790 1960 1147 1350 1427 1288 1403 1597 1445 3406 1427 1090 1877 2708 1090 3513 2044 1566 1667 1927 2916 2770 1596 2077 2278 2111 461 2880 1701 2599 1040 1635 1635 1939 792 1337 848 
5465 3009 3502 1407 2623 1616 673 2037 1262 565 0.0 2338 773 1373 1356 1538 693 845 973 425 539 1922 1156 2902 973 352 1373 2203 352 3009 1306 1056 929 1188 2177 2208 1092 1339 1774 1607 1026 2375 963 2064 586 1079 1079 1435 337 833 394 
5308 1573 1305 2142 427 731 2975 2295 2511 2729 2301 0.0 2515 1738 3449 1369 1700 1525 1518 2727 2841 2544 1947 1087 1518 2528 1738 271 2528 1573 2688 1741 2445 2187 2531 2480 1908 2444 843 2178 2846 2025 2195 2075 1904 2040 2040 912 2048 1829 1992 
5114 2483 3635 1057 2756 1748 894 1686 911 1207 755 2471 0.0 1241 1998 2190 1049 978 1226 807 863 2553 1786 3034 1226 721 1241 2336 721 2483 745 781 578 838 1827 1858 1175 989 1906 1396 1668 2508 688 1714 1216 804 804 1567 968 1066 1024 
4125 1956 2905 575 2096 939 1957 1113 944 1712 1284 1827 1233 0.0 2431 1381 671 424 417 1709 1824 1811 998 2246 417 1511 0.0 1548 1511 1956 1122 640 878 620 1349 1297 169 854 1097 666 1827 1698 629 893 875 474 474 758 1019 542 963 
6413 3946 3812 2568 3561 2553 2074 3229 2778 778 1641 3276 2290 2460 0.0 2130 1611 1898 1891 1826 1941 1403 1614 3223 1891 1868 2460 3141 1868 3946 2822 2114 2445 2575 3411 3400 2145 2856 2711 2742 872 2423 2382 3181 1504 2265 2265 2372 1487 1997 1431 
5682 2652 1682 1860 1870 1030 2604 2670 2229 2250 1930 1585 2144 1456 2522 0.0 1329 1154 1147 2356 2470 1570 1102 1093 1147 2157 1456 1450 2157 2652 2362 1370 2047 1831 2906 2854 1401 2730 721 1950 1929 1041 1638 2450 1533 1522 1522 592 1677 1458 1621 
4802 2386 2880 957 2001 994 1329 1617 1326 1083 655 1716 1303 848 1759 1180 0.0 286 279 1080 1195 1611 798 2279 279 882 848 1581 882 2386 1494 503 1179 963 1799 1789 533 1403 1152 1130 1156 1753 770 1570 203 654 654 813 347 592 291 
4515 2163 2656 670 1778 770 1652 1330 1039 1406 979 1493 990 561 2174 1212 415 0.0 248 1404 1518 1642 829 2056 248 1206 561 1357 1206 2163 1207 216 893 676 1512 1502 246 1116 928 843 1571 1530 483 1283 602 367 367 589 763 304 707 
4522 2170 2664 677 1785 777 1540 1337 1046 1294 867 1500 997 569 2038 1219 279 7 0.0 1292 1406 1640 827 2063 0.0 1094 569 1365 1094 2170 1215 223 900 683 1519 1509 253 1123 935 850 1435 1537 491 1290 490 374 374 596 627 311 571 
5703 3434 3927 1646 3049 2041 248 2275 1500 990 425 2764 878 1798 1781 1963 1118 1270 1398 0.0 114 2348 1581 3327 1398 415 1798 2628 415 3434 1544 1295 1168 1427 2416 2447 1517 1578 2199 2032 1452 2800 1202 2303 1011 1318 1318 1860 763 1258 819 
6990 3548 4042 1702 3163 2156 304 2332 1557 1105 539 2878 934 1913 1896 2077 1232 1385 1512 114 0.0 2462 1695 3441 1512 472 1913 2743 472 3548 1601 1351 1224 1484 2472 2504 1632 1634 2313 2147 1566 2915 1258 2360 1125 1374 1374 1974 877 1372 933 
5923 3242 2822 2158 2857 1849 2499 2911 2527 1288 1826 2571 2474 1993 1280 1139 1478 1487 1480 2251 2365 0.0 660 2232 1480 2053 1993 2436 2053 3242 2695 1704 2381 2164 3146 3095 1734 2604 1861 2331 967 1707 1971 2691 1495 1855 1855 1668 1478 1792 1422 
5300 2619 3112 1497 2233 1226 1839 2287 1866 1303 1166 1948 1814 1370 1574 1034 817 827 820 1591 1705 1083 0.0 2127 820 1393 1370 1813 1393 2619 2035 1043 1720 1504 2523 2472 1074 1944 1384 1671 982 1985 1311 2067 834 1195 1195 1045 818 1131 762 
6115 2339 1518 2899 1556 1463 3202 3103 3240 2508 2528 1271 3028 2495 2780 1153 2213 2038 2031 2953 3068 1829 1361 0.0 2031 2755 2495 1136 2755 2339 3445 2254 3202 2944 3339 3287 2665 3163 1085 2897 2187 1299 2952 2883 2197 2797 2797 1644 2181 2342 2124 
4522 2170 2664 677 1785 777 1540 1337 1046 1294 867 1500 997 569 2038 1219 279 7 0.0 1292 1406 1640 827 2063 0.0 1094 569 1365 1094 2170 1215 223 900 683 1519 1509 253 1123 935 850 1435 1537 491 1290 490 374 374 596 627 311 571 
5288 2657 3732 1230 2854 1846 1230 1860 1085 1008 556 2569 596 1338 1799 1970 1125 1075 1324 982 1096 2354 1588 3132 1324 0.0 1338 2433 0.0 2657 1129 879 752 1011 2000 2031 1273 1162 2004 1538 1469 2605 786 1888 1017 902 902 1665 769 1164 825 
4125 1956 2905 575 2096 939 1957 1113 944 1712 1284 1827 1233 0.0 2431 1381 671 424 417 1709 1824 1811 998 2246 417 1511 0.0 1548 1511 1956 1122 640 878 620 1349 1297 169 854 1097 666 1827 1698 629 893 875 474 474 758 1019 542 963 
5232 1498 1452 2067 574 681 2925 2220 2436 2679 2251 135 2465 1663 3398 1319 1650 1475 1468 2676 2791 2493 1897 1037 1468 2478 1663 0.0 2478 1498 2613 1691 2370 2111 2456 2404 1833 2369 793 2103 2795 1975 2120 2000 1854 1965 1965 862 1998 1779 1942 
5288 2657 3732 1230 2854 1846 1230 1860 1085 1008 556 2569 596 1338 1799 1970 1125 1075 1324 982 1096 2354 1588 3132 1324 0.0 1338 2433 0.0 2657 1129 879 752 1011 2000 2031 1273 1162 2004 1538 1469 2605 786 1888 1017 902 902 1665 769 1164 825 
4598 0.0 2766 2036 1956 2039 3964 1586 1911 3718 3291 1687 2784 2245 4438 3047 2690 2514 2507 3716 3830 3533 2937 2457 2507 3518 2245 1773 3518 0.0 2409 2731 2244 2081 1822 1770 2415 1833 2151 1568 3835 3333 2702 1366 2893 2547 2547 2220 3038 2616 2981 
4622 2203 3995 888 3186 2067 1774 1378 631 1953 1502 2917 880 1290 2744 2509 1367 1296 1545 1687 2363 2939 2126 3336 1545 1663 1290 2638 1663 2203 0.0 1100 546 669 1334 1550 1419 708 2225 1129 2415 2826 855 1433 1555 978 978 1886 1715 1310 1659 
4627 2359 2853 609 1974 967 1504 1360 874 1258 830 1689 773 673 2026 1409 267 196 445 1256 1370 1838 1025 2252 445 1057 673 1554 1057 2359 991 0.0 676 546 1542 1532 443 951 1125 873 1423 1726 267 1395 454 237 237 786 615 500 559 
4535 1905 3697 589 2888 1714 1434 1107 332 1518 1067 2618 540 991 2309 2156 1015 943 1192 1492 1606 2586 1773 3038 1192 1228 991 2340 1228 1905 376 747 0.0 371 1248 1279 1121 410 1872 831 1980 2473 557 1135 1202 680 680 1533 1279 1012 1306 
4319 2376 3326 218 2516 1398 1891 1045 587 1669 1217 2247 852 620 2457 1840 698 627 875 1643 1757 2269 1456 2667 875 1379 620 1968 1379 2376 764 430 521 0.0 1227 1216 749 664 1555 558 1854 2157 186 1072 885 309 309 1216 1046 641 990 
3669 1539 3674 1320 2865 2461 2611 330 914 2765 2314 2596 1717 1444 3556 2748 1951 1880 1861 2739 2853 3234 2442 3366 1861 2475 1444 2682 2475 1539 1272 1683 1246 1253 0.0 501 1614 991 2374 852 3107 3416 1439 616 2138 1562 1562 2125 2299 1554 2243 
3167 1381 3516 1293 2707 2303 2977 302 1159 3011 2559 2437 2083 1411 3802 2590 1885 1836 1829 2984 2947 3076 2410 3207 1829 2721 1411 2524 2721 1381 1638 1614 1492 1498 531 0.0 1581 1090 2216 825 3041 3258 1434 491 2072 1449 1449 1967 2233 1526 2176 
4769 2162 2655 924 1777 769 1788 1585 1293 1542 1114 1492 1244 816 2261 1211 502 254 247 1539 1654 1641 828 2055 247 1341 816 1356 1341 2162 1462 470 1147 931 1767 1757 0.0 1371 927 1098 1658 1528 738 1536 705 622 622 588 850 558 793 
3971 1494 3629 483 2820 1814 1845 697 77 1929 1477 2551 950 880 2720 2256 1114 1043 1292 1902 2016 2685 1873 2924 1292 1638 880 2226 1638 1494 575 847 410 416 879 869 1050 0.0 1972 420 2270 2573 602 725 1301 725 725 1633 1462 1057 1406 
5145 2130 2227 1650 1348 508 2395 2133 2019 2149 1721 1063 1935 1246 2713 624 1120 945 938 2146 2261 1762 1294 1284 938 1948 1246 928 1948 2130 2153 1161 1838 1622 2369 2317 1192 1929 0.0 1741 2120 1232 1429 1913 1324 1312 1312 332 1468 1249 1412 
3767 1290 3294 468 2485 1507 2264 609 408 2018 1591 2216 1256 591 2819 1949 1059 1016 1009 2016 2130 2435 1590 2636 1009 1747 591 1937 1747 1290 1014 788 771 513 791 781 761 331 1877 0.0 2216 2266 609 535 1247 624 624 1325 1407 701 1351 
5541 3073 3567 1696 2688 1681 1533 2356 1997 661 860 2403 1508 1587 1191 1499 738 1025 1018 1285 1399 1136 984 2592 1018 1087 1587 2268 1087 3073 2041 1241 1664 1702 2538 2528 1272 2074 1839 1869 0.0 2440 1509 2309 631 1393 1393 1500 615 1124 559 
6065 3034 2101 2255 2252 1412 2999 3052 2624 2253 2326 1967 2540 1851 2525 805 1725 1550 1543 2751 2866 1573 1105 1511 1543 2553 1851 1832 2553 3034 2758 1766 2443 2227 3288 3237 1797 3112 1325 2847 1932 0.0 2034 2832 1929 1917 1917 1328 1925 1854 1869 
4809 2178 3792 684 2982 1823 1560 1381 606 1627 1175 2713 666 1086 2418 2265 1123 1052 1301 1601 1715 2694 1882 3133 1301 1337 1086 2434 1337 2178 724 856 409 465 1521 1553 1215 683 1981 1023 2088 2582 0.0 1409 1310 775 775 1642 1388 1107 1415 
3428 1297 3432 1120 2622 2218 2781 219 1083 2935 2484 2353 1887 1327 3726 2505 1712 1751 1744 2909 3023 2991 2325 3123 1744 2645 1327 2439 2645 1297 1442 1441 1416 1423 455 404 1497 917 2131 652 2868 3173 1262 0.0 1899 1277 1277 1882 2060 1353 2004 
4992 2577 3070 1147 2192 1184 1286 1808 1516 1040 613 1906 1261 1039 1676 1201 190 477 470 1038 1152 1621 819 2470 470 840 1039 1771 840 2577 1685 693 1370 1154 1990 1979 724 1593 1342 1320 1073 1943 961 1760 0.0 844 844 1003 265 576 209 
4512 2343 3293 422 2483 1370 1863 1204 764 1641 1189 2214 824 559 2429 1811 670 599 847 1615 1729 2241 1428 2634 847 1351 559 1935 1351 2343 882 402 567 309 1386 1376 620 841 1527 717 1826 2129 158 1280 857 0.0 0.0 1188 1018 511 962 
4512 2343 3293 422 2483 1370 1863 1204 764 1641 1189 2214 824 559 2429 1811 670 599 847 1615 1729 2241 1428 2634 847 1351 559 1935 1351 2343 882 402 567 309 1386 1376 620 841 1527 717 1826 2129 158 1280 857 0.0 0.0 1188 1018 511 962 
4844 1970 2067 1318 1188 181 2062 1831 1687 1816 1389 903 1603 914 2536 592 788 613 605 1814 1928 1631 1035 1466 605 1616 914 768 1616 1970 1820 829 1506 1289 2067 2016 859 1597 338 1409 1933 1289 1096 1612 992 980 980 0.0 1136 917 1080 
5157 2742 3235 1312 2357 1349 1021 1973 1484 775 347 2072 995 1204 1566 1200 355 642 635 772 887 1619 818 2293 635 574 1204 1936 574 2742 1528 858 1151 1319 2400 2144 889 1561 1507 1485 1072 2108 1126 1925 248 1009 1009 1168 0.0 741 56 
4494 2324 2935 600 2057 1049 1562 1261 969 1317 889 1772 1032 540 2108 1491 529 458 527 1314 1429 1921 1108 2335 527 1116 540 1636 1116 2324 1147 258 865 607 1443 1432 280 1046 1207 774 1584 1808 455 1261 592 297 297 868 775 0.0 720 
5101 2686 3179 1256 2300 1293 1077 1916 1540 831 403 2015 1051 1147 1619 1144 299 586 578 829 943 1563 762 2237 578 630 1147 1880 630 2686 1584 802 1207 1262 2098 2088 832 1618 1451 1429 1016 2052 1069 1869 192 953 953 1112 56 685 0.0 
