-1.61581 47.2168 -1.6155502 47.2168387 607446837
1
100 
50
14 10 7 10 -1.55413 47.2066 -1.5533863 47.2066671 796994217
6 10 9 12 -1.55169 47.2166 -1.5514806 47.2163046 3141438537
23 10 16 20 -1.55342 47.2229 -1.5533684 47.2228405 289490500
10 5 7 12 -1.53593 47.2213 -1.5361017 47.2215143 297686608
23 5 12 14 -1.55899 47.2122 -1.5591216 47.2120003 292672036
13 5 12 14 -1.56024 47.215 -1.5606888 47.2149608 315258292
5 10 7 10 -1.56322 47.2142 -1.5631458 47.2139591 315882178
34 10 7 12 -1.55441 47.2198 -1.5543526 47.2196642 290215827
9 5 7 12 -1.55251 47.2167 -1.551836 47.216706 339037624
1 5 7 10 -1.55649 47.2149 -1.5561331 47.2150106 2417854709
11 10 14 17 -1.56266 47.214 -1.5631458 47.2139591 315882178
4 5 9 12 -1.56413 47.2077 -1.5642872 47.2076335 279634901
12 10 9 12 -1.55059 47.2131 -1.5505183 47.2129384 292687575
27 5 7 12 -1.55944 47.2255 -1.5595577 47.2257317 285972441
18 5 12 14 -1.54252 47.227 -1.5425873 47.2271465 277456640
26 5 7 10 -1.55889 47.2251 -1.5589833 47.2250694 1575454482
9 5 6 9 -1.56154 47.2151 -1.5616615 47.2153591 315258329
11 10 6 9 -1.5324 47.2073 -1.5325875 47.2072056 3124171368
48 10 9 12 -1.549 47.2101 -1.5489078 47.2100021 292734490
25 5 16 20 -1.52956 47.2082 -1.529853 47.208173 272118332
15 5 9 12 -1.57388 47.2203 -1.5735501 47.220331 286359236
32 5 7 12 -1.55483 47.2208 -1.5551268 47.2206216 286733315
25 10 7 12 -1.5554 47.2053 -1.5554992 47.2052056 789716785
26 10 14 17 -1.56611 47.2041 -1.56588 47.2041241 2870930675
18 5 6 9 -1.5652 47.2223 -1.5651534 47.2221917 287952526
30 10 16 20 -1.5687 47.2118 -1.5693164 47.2117256 296394114
26 5 16 20 -1.55221 47.2205 -1.5523379 47.2204968 2607749004
23 10 7 10 -1.55301 47.2156 -1.5514806 47.2163046 3141438537
14 5 12 14 -1.5576 47.2149 -1.558366 47.2155435 315857226
13 5 7 10 -1.55535 47.2154 -1.5560491 47.2150388 2417854710
17 5 6 9 -1.53578 47.2156 -1.5355947 47.2156249 1556271482
13 5 12 14 -1.55042 47.2189 -1.5503685 47.2190188 281121875
12 10 14 17 -1.56926 47.216 -1.5693571 47.2161123 315143068
37 10 7 12 -1.55923 47.214 -1.5596041 47.2150027 1652977881
5 5 7 10 -1.56425 47.212 -1.5646666 47.2117554 292302287
35 5 9 12 -1.56295 47.2136 -1.562868 47.2133926 315882175
27 5 9 12 -1.5533 47.2187 -1.5533956 47.2185703 292348618
18 10 7 12 -1.56318 47.2068 -1.5635284 47.2067723 279634873
27 5 7 10 -1.56129 47.2182 -1.5609282 47.2188688 287431452
22 5 6 9 -1.55171 47.2177 -1.5518625 47.2176254 339037610
19 10 7 10 -1.56256 47.214 -1.5631458 47.2139591 315882178
21 10 14 17 -1.5591 47.2156 -1.5591801 47.2157496 315258326
29 5 6 9 -1.56511 47.2142 -1.5655597 47.2144118 296394098
2 10 7 10 -1.53636 47.2218 -1.5361017 47.2215143 297686608
12 10 16 20 -1.56253 47.2136 -1.562868 47.2133926 315882175
12 5 7 10 -1.55924 47.2229 -1.5592123 47.2231514 287952514
41 5 9 12 -1.55865 47.2153 -1.558366 47.2155435 315857226
12 5 14 17 -1.5346 47.2198 -1.5344648 47.2196795 315770088
26 5 7 10 -1.56148 47.215 -1.5614961 47.2148369 315258314
35 10 7 10 -1.54454 47.2016 -1.5447698 47.2014969 652535190
0.0 553 522 526 679 465 426 419 519 516 474 419 442 551 450 619 456 412 733 574 720 312 523 536 501 411 409 540 522 481 504 638 538 373 436 436 446 518 454 430 519 419 435 404 679 446 482 481 717 418 607 
544 0.0 161 253 312 94 153 147 198 167 132 147 113 127 268 337 262 173 199 97 186 280 214 27 90 287 195 219 161 153 131 189 210 236 144 173 178 192 99 211 185 147 155 187 312 178 288 153 293 154 103 
581 160 0.0 106 189 119 116 137 51 6 59 137 232 110 121 176 115 156 301 144 295 265 67 159 222 196 218 73 0.0 96 58 198 48 225 105 174 168 34 219 134 24 137 101 176 189 168 141 96 202 123 214 
550 265 119 0.0 194 194 179 199 67 112 138 199 310 215 90 98 84 192 417 250 403 238 36 265 327 165 264 52 119 137 156 317 71 215 168 243 226 84 321 103 107 199 154 184 194 226 110 137 232 186 320 
722 300 208 257 0.0 297 311 332 214 208 254 332 401 272 272 95 266 351 246 246 239 419 217 319 381 347 412 198 208 265 253 126 159 397 300 369 363 198 387 285 196 332 296 366 0.0 363 292 265 38 318 321 
482 95 107 188 278 0.0 59 53 133 114 61 53 120 104 203 276 197 79 283 133 270 185 148 95 157 192 123 154 107 58 60 196 148 141 49 80 84 129 132 116 129 53 61 92 278 84 223 58 278 60 175 
483 144 109 157 265 49 0.0 34 106 103 61 34 169 138 171 252 165 40 332 173 319 155 122 144 206 133 130 128 109 55 91 245 124 117 10 86 65 105 181 75 105 34 22 69 265 65 191 55 303 7 224 
456 146 141 187 298 53 33 0.0 139 135 93 0.0 156 155 201 285 195 32 335 184 321 132 154 146 208 146 110 160 141 70 112 247 157 88 44 66 31 137 167 87 138 0.0 56 39 298 31 218 70 329 26 226 
529 211 51 55 191 145 136 157 0.0 45 89 157 266 161 70 151 63 172 353 196 346 217 15 210 273 145 239 21 51 88 89 250 50 195 126 195 188 16 270 83 48 157 132 163 191 188 90 88 229 144 266 
575 166 6 100 183 125 122 143 45 0.0 65 143 239 116 115 170 109 162 307 151 301 262 60 166 228 190 224 66 6 96 65 204 42 232 112 181 174 28 225 128 17 143 107 182 183 174 135 96 208 129 221 
533 127 77 142 246 59 56 77 87 83 0.0 77 180 77 157 233 151 96 278 111 265 205 103 126 189 171 159 108 77 37 29 197 105 166 46 115 108 86 186 94 86 77 42 117 246 108 177 37 248 64 181 
456 146 141 187 298 53 33 0.0 139 135 93 0.0 156 155 201 285 195 32 335 184 321 132 154 146 208 146 110 160 141 70 112 247 157 88 44 66 31 137 167 87 138 0.0 56 39 298 31 218 70 329 26 226 
455 113 233 325 384 141 171 157 271 240 202 157 0.0 200 340 410 333 183 307 195 293 255 285 109 75 279 106 292 233 194 201 276 282 172 181 102 186 265 13 228 257 157 192 157 384 186 357 194 374 163 181 
580 131 106 199 242 100 134 153 144 113 77 153 203 0.0 214 270 208 174 236 92 229 283 159 130 193 249 224 165 106 115 77 133 155 242 124 180 184 138 190 172 130 153 120 192 242 184 234 115 232 141 162 
459 267 120 76 260 196 173 194 68 114 140 194 304 217 0.0 175 6 187 418 251 405 184 73 266 329 132 258 90 120 138 157 318 119 210 163 245 220 85 316 97 117 194 148 178 260 220 32 138 298 181 322 
626 317 162 195 95 264 261 282 159 156 204 282 385 268 206 0.0 200 301 342 302 335 358 156 317 380 285 363 136 162 213 203 222 107 335 250 319 313 146 377 223 144 282 246 304 95 313 226 213 133 268 373 
465 260 114 70 254 189 167 187 62 108 133 187 298 210 6 168 0.0 180 412 245 398 190 67 260 323 129 252 83 114 132 151 312 113 203 156 239 214 79 309 91 111 187 142 172 254 214 26 132 292 174 315 
484 159 109 157 266 63 14 34 107 103 62 34 176 139 172 253 166 0.0 340 173 327 155 122 158 221 133 130 128 109 69 91 259 125 118 25 86 65 105 187 75 106 34 23 69 266 65 192 69 304 7 238 
675 158 265 359 261 240 294 294 304 271 238 294 247 213 374 350 368 320 0.0 164 39 426 320 158 220 409 325 326 265 275 237 148 313 382 284 319 325 298 236 332 289 294 280 333 261 325 394 275 232 300 109 
628 123 161 253 258 154 188 207 198 167 132 207 225 62 268 304 262 228 229 0.0 223 337 214 142 204 303 275 219 161 169 131 126 210 296 178 234 238 192 211 226 185 207 174 247 258 238 288 169 229 196 144 
694 177 284 379 227 260 314 313 324 290 257 313 267 232 394 323 387 339 19 183 0.0 445 339 177 239 428 345 345 284 294 256 139 333 402 303 338 344 318 255 352 308 313 299 352 227 344 414 294 198 320 129 
368 246 210 217 366 153 113 107 207 203 162 107 204 239 198 315 204 100 434 274 421 0.0 213 246 262 98 158 228 210 168 192 347 225 61 124 161 133 206 215 118 206 107 123 91 366 133 222 168 404 106 326 
514 229 83 39 222 158 143 163 31 76 102 163 274 179 54 138 48 156 380 214 367 201 0.0 229 291 129 228 52 83 100 120 281 82 179 132 207 190 48 285 67 79 163 118 148 222 190 74 100 260 150 284 
517 50 183 276 334 117 176 170 221 190 154 170 89 150 291 360 285 196 218 132 205 303 236 0.0 62 310 167 242 183 175 154 225 232 233 167 163 201 215 78 233 207 170 178 209 334 201 311 175 324 177 92 
532 117 250 343 401 184 243 233 288 257 221 233 105 217 358 427 352 259 285 199 272 332 303 88 0.0 356 183 309 250 242 221 292 299 249 234 179 263 282 93 300 274 233 245 233 401 263 378 242 391 240 159 
419 277 196 152 336 182 147 153 144 190 156 153 264 233 147 251 141 146 435 268 421 96 149 277 323 0.0 218 165 196 170 186 354 195 130 137 213 180 161 275 63 192 153 122 138 336 180 155 170 374 152 338 
409 205 240 278 398 132 137 122 239 235 193 122 94 233 293 376 287 139 385 226 372 195 251 188 153 227 0.0 260 240 160 193 290 257 98 147 68 149 238 106 179 238 122 158 107 398 149 306 160 393 129 259 
571 231 71 96 178 170 167 188 41 65 111 188 291 182 111 165 105 207 373 216 366 258 56 231 294 186 270 0.0 71 120 110 270 38 236 157 226 220 38 291 124 60 188 153 205 178 220 131 120 216 175 286 
581 160 0.0 106 189 119 116 137 51 6 59 137 232 110 121 176 115 156 301 144 295 265 67 159 222 196 218 73 0.0 96 58 198 48 225 105 174 168 34 219 134 24 137 101 176 189 168 141 96 202 123 214 
525 153 100 130 247 57 48 69 82 94 54 69 178 110 145 226 139 88 311 145 298 201 90 152 215 175 150 104 100 0.0 63 230 106 158 37 106 100 86 189 98 97 69 46 108 247 100 165 0.0 281 55 215 
534 127 58 128 231 60 57 78 73 65 0 78 181 78 143 218 137 97 279 112 265 206 88 127 190 172 159 94 58 38 0.0 198 91 167 47 116 109 71 186 95 72 78 43 117 231 109 163 38 248 64 182 
638 173 209 316 132 195 253 249 261 215 196 249 275 148 331 227 325 275 147 120 140 381 276 192 254 367 285 282 209 233 195 0.0 258 333 242 262 280 244 262 290 233 249 238 288 132 280 351 233 103 255 194 
584 210 54 110 140 156 153 174 55 48 96 174 277 160 124 127 118 193 351 194 345 272 70 209 272 199 255 41 54 106 95 248 0.0 250 142 211 205 38 269 138 36 174 138 213 140 205 145 106 178 160 265 
417 220 183 190 340 126 87 80 181 177 135 80 156 213 200 289 194 73 408 247 395 104 187 219 214 128 110 202 183 142 165 320 199 0.0 97 113 97 179 167 91 180 80 97 55 340 97 208 142 378 79 299 
494 155 119 167 276 59 10 44 117 113 71 44 180 149 182 263 176 50 343 183 330 165 132 154 217 143 140 138 119 65 101 255 135 127 0.0 97 75 115 191 85 116 44 33 79 276 75 202 65 314 17 234 
440 157 172 222 330 64 68 54 171 167 125 54 91 165 237 317 231 80 345 195 332 186 183 157 150 200 65 192 172 92 124 258 189 106 79 0.0 84 169 103 142 170 54 90 90 330 84 257 92 340 61 237 
464 133 146 195 303 40 41 8 144 140 99 8 143 142 209 290 203 40 321 171 308 140 156 133 195 154 97 165 146 65 100 234 162 96 51 53 0.0 142 154 95 143 8 63 47 303 0.0 226 65 316 34 213 
546 194 34 72 178 132 129 150 16 28 73 150 253 144 86 165 80 169 336 179 330 234 32 194 256 161 232 38 34 82 72 233 38 212 119 188 181 0.0 253 99 31 150 115 180 178 181 107 82 216 137 249 
454 100 220 312 371 139 169 155 257 226 191 155 13 187 327 397 321 181 294 182 281 253 273 97 62 277 104 279 220 193 190 274 269 171 179 100 185 252 0.0 227 244 155 191 155 371 185 347 193 361 162 168 
477 214 141 99 282 119 84 96 90 135 93 96 206 170 114 197 107 89 372 205 358 150 95 214 265 80 160 112 141 107 123 291 141 112 74 155 122 107 218 0.0 138 96 59 80 282 122 132 107 320 92 275 
569 195 35 95 165 141 138 159 40 28 81 159 262 145 110 152 103 178 336 180 330 257 55 194 257 185 241 49 35 91 81 233 24 235 128 197 190 23 254 123 0.0 159 124 199 165 190 130 91 203 146 250 
456 146 141 187 298 53 33 0.0 139 135 93 0.0 156 155 201 285 195 32 335 184 321 132 154 146 208 146 110 160 141 70 112 247 157 88 44 66 31 137 167 87 138 0.0 56 39 298 31 218 70 329 26 226 
492 156 86 134 243 61 26 56 84 80 38 56 181 116 149 230 143 66 317 150 303 163 99 156 219 134 149 105 86 50 68 236 102 125 16 106 87 82 193 57 83 56 0.0 77 243 87 169 50 281 34 220 
436 175 172 215 328 82 65 31 169 166 124 31 150 183 230 314 224 62 363 213 350 143 185 175 208 167 103 191 172 101 142 276 187 67 75 81 41 168 161 116 168 31 85 0.0 328 41 244 101 358 57 255 
722 300 208 257 0.0 297 311 332 214 208 254 332 401 272 272 95 266 351 246 246 239 419 217 319 381 347 412 198 208 265 253 126 159 397 300 369 363 198 387 285 196 332 296 366 0.0 363 292 265 38 318 321 
464 133 146 195 303 40 41 8 144 140 99 8 143 142 209 290 203 40 321 171 308 140 156 133 195 154 97 165 146 65 100 234 162 96 51 53 0.0 142 154 95 143 8 63 47 303 0.0 226 65 316 34 213 
501 271 154 110 293 175 141 161 102 147 150 161 272 227 125 209 119 154 428 261 415 175 106 270 330 103 226 123 154 164 179 347 153 177 130 220 188 119 283 65 150 161 116 146 293 188 0.0 164 331 148 332 
525 153 100 130 247 57 48 69 82 94 54 69 178 110 145 226 139 88 311 145 298 201 90 152 215 175 150 104 100 0.0 63 230 106 158 37 106 100 86 189 98 97 69 46 108 247 100 165 0.0 281 55 215 
750 291 199 286 28 288 302 323 243 205 245 323 392 263 301 124 295 342 237 237 230 448 246 309 372 376 403 226 199 282 244 117 188 412 291 360 354 226 378 314 223 323 287 362 28 354 321 282 0.0 309 312 
483 152 116 164 273 56 7 26 114 110 69 26 169 146 179 260 173 32 340 180 327 159 129 151 214 140 122 135 116 62 98 252 132 115 17 79 57 112 180 82 113 26 30 66 273 57 199 62 311 0.0 231 
609 94 203 295 325 174 230 228 240 209 174 228 182 148 310 379 304 254 147 100 133 360 256 92 154 345 260 262 203 211 173 193 252 316 220 253 259 234 170 268 227 228 216 267 325 259 330 211 296 234 0.0 
0.0 5730 5888 6346 7374 5398 5086 5024 6284 5836 5491 5024 4685 6089 5492 7161 5577 4974 8039 6077 7857 3822 6321 5674 5243 4692 4395 6462 5888 5504 5739 7147 6018 4513 5173 4555 5111 5854 4780 5075 5832 5024 5166 4878 7374 5111 5797 5504 7691 5024 6677 
5680 0.0 1570 2305 2828 973 1445 1405 1842 1622 1328 1405 944 1246 2644 3252 2558 1618 2273 809 2091 2951 1971 303 1111 2557 1919 2020 1570 1429 1321 2019 1949 2142 1361 1499 1600 1795 832 1903 1741 1405 1449 1706 2828 1600 2778 1429 2893 1470 1202 
7162 1559 0.0 894 1734 937 915 1073 432 52 461 1073 2121 873 1233 1681 1148 1248 2824 1203 2694 2611 560 1631 2438 1626 1647 610 0.0 765 454 1922 379 1810 828 1304 1268 290 2009 1124 170 1073 805 1374 1734 1268 1367 765 1685 977 2231 
6902 2438 993 0.0 1841 1596 1475 1658 561 941 1154 1658 2585 1752 973 1042 888 1608 4181 2083 3999 2147 300 2511 3318 1366 2201 437 993 1142 1282 2916 589 1933 1388 1916 1745 703 2680 864 893 1658 1279 1512 1841 1745 1107 1142 2158 1537 3111 
8787 3141 1736 2332 0.0 2511 2546 2704 1972 1917 2092 2704 3529 2121 2671 799 2586 2879 2401 2552 2271 3845 1998 3454 4261 3064 4331 1832 1736 2397 2084 1110 1514 3632 2459 2935 2899 1831 3416 2562 1817 2704 2436 3210 0.0 2899 2805 2397 317 2608 3657 
4875 990 861 1570 2269 0.0 471 431 1108 913 510 431 1005 859 1910 2517 1824 645 3131 1402 2949 1978 1236 1063 1870 1583 923 1286 861 456 503 2472 1214 1169 388 580 626 1049 1099 929 1028 431 475 732 2269 626 2043 456 2361 497 2119 
5657 1377 910 1303 2396 386 0.0 277 884 858 512 277 1391 1110 1642 2342 1557 333 3517 1441 3336 1737 1013 1449 2257 1112 974 1063 910 425 761 2859 1040 1114 86 631 473 875 1486 626 854 277 188 551 2396 473 1776 425 2713 62 2505 
4741 1394 1145 1556 2630 431 274 0.0 1119 1092 747 0.0 1181 1262 1895 2577 1809 273 3534 1805 3352 1546 1247 1466 2273 1220 797 1297 1145 544 900 2875 1275 737 360 454 195 1110 1276 734 1088 0.0 466 301 2630 195 1740 544 2764 211 2522 
6730 1948 432 462 1778 1190 1120 1278 0.0 379 748 1278 2195 1262 801 1480 716 1436 3256 1592 3126 1975 128 2020 2827 1194 1853 178 432 736 720 2354 423 1761 1034 1510 1474 141 2397 692 375 1278 1092 1340 1778 1474 935 736 2096 1183 2620 
7110 1611 52 842 1682 989 967 1125 379 0.0 513 1125 2173 925 1181 1629 1096 1300 2876 1256 2746 2355 508 1683 2490 1574 1699 558 52 804 506 1974 327 1862 880 1357 1320 238 2061 1072 118 1125 857 1426 1682 1320 1315 804 1737 1029 2283 
5165 1283 606 1179 2228 475 454 612 716 658 0.0 612 1481 598 1518 2174 1433 787 3026 928 2844 2150 845 1356 2163 1413 1186 895 606 304 248 2091 872 1349 367 843 807 707 1733 772 686 612 343 913 2228 807 1652 304 2043 516 1956 
4741 1394 1145 1556 2630 431 274 0.0 1119 1092 747 0.0 1181 1262 1895 2577 1809 273 3534 1805 3352 1546 1247 1466 2273 1220 797 1297 1145 544 900 2875 1275 737 360 454 195 1110 1276 734 1088 0.0 466 301 2630 195 1740 544 2764 211 2522 
4645 974 2132 2571 3390 1172 1318 1190 2404 2184 1682 1190 0.0 1808 2910 3814 2825 1403 3485 1656 3303 2563 2237 1120 688 2583 884 2583 2132 1481 1675 3132 2511 1433 1404 780 1300 2357 112 1901 2303 1190 1466 1273 3390 1300 2890 1481 3310 1255 2123 
5697 1301 872 1607 2052 846 1084 1277 1144 924 630 1277 1863 0.0 1946 2522 1860 1418 2437 747 2306 2780 1272 1373 2180 2044 1769 1322 872 934 623 1535 1251 2015 997 1426 1472 1097 1750 1402 1043 1277 974 1578 2052 1472 2080 934 1972 1147 1775 
5928 2669 1224 853 2571 1827 1461 1644 792 1172 1385 1644 2572 1983 0.0 1896 85 1594 4411 2313 4230 2179 829 2741 3548 1227 2188 970 1224 1372 1512 3147 1215 1920 1374 2147 1731 933 2666 850 1167 1644 1265 1498 2571 1731 304 1372 2888 1523 3341 
7988 3066 1570 1842 799 2374 2352 2510 1535 1518 1898 2510 3379 2381 1941 0.0 1855 2685 3201 2711 3071 3355 1508 3139 3946 2573 3084 1341 1570 1997 1891 1909 1114 3141 2265 2742 2705 1431 3516 2072 1418 2510 2242 2720 799 2705 2074 1997 1116 2414 3739 
6014 2583 1138 768 2485 1741 1375 1558 706 1086 1299 1558 2486 1897 85 1810 0.0 1509 4326 2228 4144 2265 744 2655 3463 1063 2102 884 1138 1287 1427 3061 1130 1834 1289 2061 1646 848 2581 765 1082 1558 1179 1413 2485 1646 219 1287 2802 1438 3256 
5661 1499 914 1307 2399 508 121 274 888 862 516 274 1354 1114 1646 2346 1561 0.0 3543 1445 3361 1741 1017 1571 2379 1115 970 1067 914 547 765 2607 1044 1118 208 628 470 879 1449 630 857 274 192 555 2399 470 1780 547 2717 59 2627 
7336 1843 2587 3551 2512 2845 3028 3277 3088 2639 2574 3277 2925 2318 3890 3533 3804 3490 0.0 1892 408 4823 3216 1959 2766 3988 3575 3266 2587 2878 2567 1313 2966 4014 2942 3371 3472 3041 2799 3346 2757 3277 2918 3578 2512 3472 4024 2878 2271 3342 1208 
5981 1010 1187 1921 2374 1160 1399 1592 1459 1239 945 1592 1853 349 2261 2713 2175 1732 2161 0.0 2031 3095 1587 1323 2130 2359 2184 1637 1187 1249 938 1260 1566 2330 1312 1741 1787 1412 1741 1717 1358 1592 1289 1893 2374 1787 2395 1249 2134 1461 1526 
7573 2080 2824 3788 2153 3082 3265 3514 3325 2876 2811 3514 3162 2555 4127 2953 4041 3727 237 2129 0.0 5060 3454 2196 3003 4225 3812 3503 2824 3115 2804 1430 3203 4251 3179 3608 3709 3278 3036 3583 2995 3514 3155 3815 2153 3709 4261 3115 1913 3579 1445 
4349 2538 2066 2074 3552 1576 1264 1201 2040 2014 1668 1201 2017 2266 2180 3116 2265 1152 4678 2597 4497 0.0 2039 2610 2575 869 1633 2219 2066 1682 1917 4020 2196 690 1350 1501 1288 2031 2112 1252 2010 1201 1344 1055 3552 1288 1827 1682 3869 1201 3666 
6602 2138 693 334 2040 1296 1174 1357 261 641 854 1357 2285 1452 673 1376 587 1308 3881 1783 3699 1847 0.0 2210 3017 1065 1901 439 693 842 981 2616 684 1633 1088 1616 1444 402 2379 564 636 1357 978 1211 2040 1444 807 842 2357 1237 2810 
5377 520 1859 2593 3117 1262 1733 1693 2131 1911 1617 1693 966 1535 2933 3540 2847 1907 2530 1254 2348 3240 2259 0.0 807 2845 1616 2309 1859 1718 1610 2463 2238 2164 1650 1511 1889 2084 839 2191 2030 1693 1737 1994 3117 1889 3066 1718 3036 1759 1168 
5434 1417 2756 3491 4014 2159 2631 1978 3028 2808 2514 1978 1023 2432 3830 4438 3745 2192 3427 2151 3245 3351 3157 1063 0.0 3371 1673 3207 2756 2616 2507 3361 3135 2221 2547 1568 2089 2981 924 3089 2927 1978 2635 2061 4014 2089 3964 2616 3934 2044 2065 
4766 2467 1637 1278 2984 1477 1213 1275 1205 1585 1300 1275 2203 1898 1185 2320 1100 1226 4326 2228 4145 932 1242 2540 2760 0.0 1819 1383 1637 1389 1548 3391 1628 1198 1126 1673 1362 1346 2297 527 1580 1275 1017 1129 2984 1362 1216 1389 3301 1275 3256 
4082 1835 1867 2411 3373 1006 1039 910 1861 1835 1517 910 789 1941 2750 3453 2664 1260 4143 2181 3962 1693 1958 1779 1347 2131 0.0 2040 1867 1202 1510 3251 2017 840 1125 500 1193 1852 884 1589 1831 910 1187 961 3373 1193 2508 1202 4125 976 2781 
7054 2156 597 786 1672 1356 1334 1492 323 545 880 1492 2361 1471 1125 1619 1040 1668 3421 1801 3291 2299 452 2229 3036 1518 2067 0.0 597 980 873 2520 316 2085 1248 1724 1688 294 2606 1016 505 1492 1224 1664 1672 1688 1259 980 1989 1397 2829 
7162 1559 0.0 894 1734 937 915 1073 432 52 461 1073 2121 873 1233 1681 1148 1248 2824 1203 2694 2611 560 1631 2438 1626 1647 610 0.0 765 454 1922 379 1810 828 1304 1268 290 2009 1124 170 1073 805 1374 1734 1268 1367 765 1685 977 2231 
5096 1445 837 1089 2240 454 384 542 690 785 458 542 1459 876 1429 2108 1343 717 3305 1207 3123 2089 755 1517 2324 1456 1116 868 837 0.0 527 2370 885 1280 297 774 737 720 1554 814 781 542 386 843 2240 737 1562 0.0 2322 446 2235 
5173 1290 454 1067 2091 483 461 619 604 506 7 619 1488 605 1406 2038 1321 794 3033 935 2851 2157 733 1363 2170 1420 1193 783 454 311 0.0 2098 736 1356 374 850 814 571 1740 779 549 619 351 920 2091 814 1540 311 2041 523 1963 
7017 2031 2006 2901 1114 2475 2520 2907 2438 2058 2066 2907 2874 1524 3240 1913 3155 3121 1551 1442 1421 4454 2567 2344 3151 3479 3221 2617 2006 2370 2059 0.0 2385 3617 2433 2964 3102 2297 2761 2838 2177 2907 2410 3208 1114 3102 3374 2370 873 2973 2547 
7188 1952 455 920 1355 1259 1237 1395 458 403 783 1395 2264 1266 1260 1302 1174 1571 3216 1596 3086 2434 586 2024 2831 1652 1969 349 455 882 776 2315 0.0 2220 1150 1627 1590 316 2401 1151 303 1395 1127 1696 1355 1590 1394 882 1672 1300 2624 
4414 2059 1587 1595 3073 1097 785 722 1561 1535 1189 722 1300 1787 1637 2637 1551 673 4199 2118 4018 1270 1560 2131 1858 1290 916 1740 1587 1203 1438 3541 1717 0.0 871 784 669 1552 1395 773 1531 722 865 436 3073 669 1667 1203 3390 722 3187 
5744 1464 997 1390 2482 473 86 364 971 944 599 364 1478 1197 1729 2429 1643 420 3604 1527 3422 1824 1099 1536 2343 1198 1060 1149 997 511 847 2945 1127 1200 0.0 717 559 962 1572 712 940 364 275 638 2482 559 1863 511 2799 149 2592 
4444 1465 1366 1791 2872 505 538 409 1360 1334 1016 409 733 1334 2130 2819 2045 623 3606 1877 3424 1956 1457 1538 1290 1630 465 1539 1366 701 1009 2947 1516 719 624 0.0 520 1351 827 1144 1330 409 686 558 2872 520 2264 701 2836 475 2594 
4808 1294 1190 1622 2675 334 333 66 1164 1138 792 66 1081 1162 1962 2622 1876 340 3434 1706 3252 1613 1260 1366 2173 1287 698 1342 1190 505 837 2776 1320 804 419 355 0.0 1155 1176 801 1133 66 490 367 2675 0.0 1807 505 2664 270 2422 
6872 1806 290 604 1672 1061 1040 1198 141 238 586 1198 2067 1121 943 1619 857 1373 3114 1451 2984 2117 270 1878 2686 1335 1772 319 290 685 578 2213 316 1903 953 1429 1393 0.0 2256 834 234 1198 930 1481 1672 1393 1077 685 1989 1102 2479 
4637 861 2020 2754 3278 1163 1309 1181 2292 2072 1778 1181 112 1696 3094 3701 3008 1395 3386 1543 3204 2554 2420 1021 590 2574 876 2470 2020 1472 1771 3123 2399 1424 1396 771 1292 2245 0.0 1893 2191 1181 1458 1264 3278 1292 3228 1472 3198 1247 2024 
5249 1940 1170 821 2527 949 685 793 748 1118 772 793 1721 1370 1160 1863 1075 743 3799 1701 3617 1692 786 2012 2278 668 1337 926 1170 861 1021 2863 1172 1069 599 1191 880 890 1815 0.0 1114 793 490 647 2527 880 1027 861 2844 748 2729 
7065 1736 177 797 1563 1135 1113 1271 334 125 659 1271 2140 1050 1136 1510 1051 1447 3001 1381 2871 2310 463 1808 2616 1528 1846 416 177 758 652 2100 208 2096 1027 1503 1467 193 2186 1027 0.0 1271 1003 1572 1563 1467 1270 758 1881 1176 2409 
4741 1394 1145 1556 2630 431 274 0.0 1119 1092 747 0.0 1181 1262 1895 2577 1809 273 3534 1805 3352 1546 1247 1466 2273 1220 797 1297 1145 544 900 2875 1275 737 360 454 195 1110 1276 734 1088 0.0 466 301 2630 195 1740 544 2764 211 2522 
5726 1466 722 1115 2207 475 211 438 696 669 324 438 1480 922 1454 2154 1368 545 3350 1252 3169 1806 824 1538 2345 1111 1104 874 722 387 572 2415 852 1182 125 761 634 687 1575 469 665 438 0.0 620 2207 634 1588 387 2524 274 2280 
4516 1527 1379 1740 2865 566 471 197 1353 1327 981 197 1144 1395 2079 2782 1994 465 3667 1938 3485 1580 1482 1599 1702 1600 760 1532 1379 741 1070 3008 1509 512 558 452 232 1344 1239 918 1323 197 657 0.0 2865 232 1907 741 2897 409 2655 
8787 3141 1736 2332 0.0 2511 2546 2704 1972 1917 2092 2704 3529 2121 2671 799 2586 2879 2401 2552 2271 3845 1998 3454 4261 3064 4331 1832 1736 2397 2084 1110 1514 3632 2459 2935 2899 1831 3416 2562 1817 2704 2436 3210 0.0 2899 2805 2397 317 2608 3657 
4808 1294 1190 1622 2675 334 333 66 1164 1138 792 66 1081 1162 1962 2622 1876 340 3434 1706 3252 1613 1260 1366 2173 1287 698 1342 1190 505 837 2776 1320 804 419 355 0.0 1155 1176 801 1133 66 490 367 2675 0.0 1807 505 2664 270 2422 
5433 2411 1283 924 2630 1420 1156 1339 851 1231 1243 1339 2267 1841 1263 1966 1178 1289 4269 2171 4088 1625 889 2483 2824 844 1883 1029 1283 1332 1491 3334 1275 1615 1069 1706 1426 993 2361 546 1227 1339 960 1193 2630 1426 0.0 1332 2947 1218 3199 
5096 1445 837 1089 2240 454 384 542 690 785 458 542 1459 876 1429 2108 1343 717 3305 1207 3123 2089 755 1517 2324 1456 1116 868 837 0.0 527 2370 885 1280 297 774 737 720 1554 814 781 542 386 843 2240 737 1562 0.0 2322 446 2235 
9028 3066 1661 2573 240 2437 2471 2629 2213 1713 2017 2629 3454 2046 2912 1039 2826 2805 2327 2477 2197 4086 2239 3379 4187 3304 4256 2072 1661 2321 2010 1035 1754 3367 2385 2861 2824 2071 3342 2803 1832 2629 2361 2930 240 2824 3046 2321 0.0 2534 3583 
4957 1440 973 1366 2458 449 62 215 947 920 575 215 1295 1173 1705 2405 1619 271 3580 1503 3398 1762 1075 1512 2319 1174 911 1125 973 487 823 2921 1103 953 149 568 410 938 1390 688 916 215 251 516 2458 410 1839 487 2775 0.0 2568 
6601 1055 2029 2763 3429 2110 2241 2542 2301 2081 1787 2542 2191 1531 3103 3710 3017 2756 1614 1105 1433 4089 2429 1224 2031 3201 2840 2479 2029 2091 1780 2315 2408 3280 2154 2637 2737 2254 2064 2559 2200 2542 2131 2843 3429 2737 3237 2091 3188 2608 0.0 
