-1.59484 47.2561 -1.5947969 47.2560307 518611321
1
100 
50
26 5 7 12 -1.54912 47.2201 -1.5492266 47.2200708 571479563
13 10 9 12 -1.54534 47.2203 -1.5451166 47.2202201 1559771676
54 10 6 9 -1.57028 47.2209 -1.570359 47.2208585 286359240
53 10 7 10 -1.55483 47.2208 -1.5551268 47.2206216 286733315
1 10 9 12 -1.54454 47.2111 -1.5446902 47.2112025 653134305
22 10 14 17 -1.56318 47.2068 -1.5635284 47.2067723 279634873
18 10 7 10 -1.56132 47.2186 -1.5609282 47.2188688 287431452
67 5 7 10 -1.5299 47.2085 -1.529853 47.208173 272118332
1 5 16 20 -1.54243 47.2272 -1.5425873 47.2271465 277456640
18 10 6 9 -1.56519 47.2126 -1.5649336 47.2122435 296394115
42 10 6 9 -1.5594 47.2201 -1.5592177 47.2200618 1311785771
22 10 6 9 -1.56175 47.2282 -1.5615875 47.2280699 120180363
11 5 16 20 -1.57104 47.2114 -1.5711269 47.2114315 569500325
12 5 7 10 -1.54941 47.2233 -1.5495633 47.2237145 302423467
11 10 9 12 -1.56559 47.2328 -1.5656511 47.232967 307965943
6 5 16 20 -1.55956 47.2256 -1.5595577 47.2257317 285972441
19 5 7 12 -1.55914 47.2063 -1.5590328 47.2060918 279634890
16 10 12 14 -1.56927 47.2158 -1.5693571 47.2161123 315143068
28 5 9 12 -1.55944 47.2255 -1.5595577 47.2257317 285972441
36 5 9 12 -1.55163 47.2068 -1.5520395 47.2068104 796994215
21 5 12 14 -1.56466 47.2129 -1.5644725 47.212677 296945176
31 5 6 9 -1.56634 47.2108 -1.5660044 47.2108988 292302290
15 10 7 12 -1.55634 47.2177 -1.5563165 47.2177724 335605761
20 5 7 10 -1.53622 47.2192 -1.5363833 47.2190803 4348385892
15 5 7 10 -1.54793 47.2212 -1.5479463 47.2212499 302423581
21 5 7 10 -1.5702 47.2082 -1.5706793 47.207927 301897560
25 5 12 14 -1.5604 47.2223 -1.5601419 47.2222792 287952517
6 10 6 9 -1.56776 47.2113 -1.56745 47.2113748 316141320
21 5 7 10 -1.55518 47.2186 -1.5551908 47.2186752 335605754
24 10 14 17 -1.56295 47.2136 -1.562868 47.2133926 315882175
21 10 7 12 -1.5484 47.2023 -1.5483481 47.2021997 360242913
10 10 7 10 -1.54438 47.2021 -1.5442351 47.2020951 6030108044
21 10 9 12 -1.55454 47.2197 -1.5543526 47.2196642 290215827
29 5 7 12 -1.55169 47.2166 -1.5514806 47.2163046 3141438537
32 5 12 14 -1.56857 47.2104 -1.5684739 47.2102137 305615954
19 5 7 10 -1.53735 47.22 -1.5370046 47.2201531 4450393698
9 5 7 10 -1.56312 47.2226 -1.5630826 47.2225484 289487109
39 5 7 12 -1.55008 47.2121 -1.5499178 47.2118486 292734414
24 5 7 12 -1.56188 47.2182 -1.5609282 47.2188688 287431452
43 5 14 17 -1.53969 47.2142 -1.5398776 47.2144055 1556271466
6 10 7 12 -1.55551 47.2238 -1.5557601 47.2241367 617529904
6 10 14 17 -1.57345 47.2086 -1.573089 47.208788 309249458
34 10 9 12 -1.54722 47.2219 -1.5470553 47.2219987 4932198402
40 10 9 12 -1.56066 47.2271 -1.5609572 47.2273533 285972391
42 5 7 10 -1.56532 47.2222 -1.5651534 47.2221917 287952526
3 10 16 20 -1.551 47.2186 -1.5509195 47.2185079 3164397861
31 10 12 14 -1.5606 47.216 -1.560867 47.2155924 1976600453
6 5 16 20 -1.56733 47.214 -1.5673574 47.2138754 301893484
24 5 14 17 -1.55562 47.2171 -1.5555502 47.2171345 2483837221
36 5 7 10 -1.57223 47.2143 -1.5721753 47.2144638 3164559707
0.0 564 568 463 467 662 657 492 799 558 587 469 372 587 532 324 394 687 502 394 673 587 594 493 680 544 635 458 573 506 575 708 727 462 514 608 687 491 628 492 694 463 613 582 379 474 509 541 533 510 546 
523 0.0 50 237 79 218 290 146 366 122 217 124 155 298 83 203 133 257 259 133 243 212 259 81 161 66 296 186 250 86 226 278 297 76 75 285 168 169 198 146 251 186 314 71 148 208 29 176 240 96 263 
576 52 0.0 290 132 183 317 199 330 87 270 177 208 351 78 256 186 283 311 186 270 265 306 134 122 33 342 239 303 139 279 304 320 129 128 336 130 223 198 199 215 235 367 35 201 261 82 229 293 149 316 
432 288 283 0.0 191 292 218 105 424 293 147 124 146 147 256 119 168 266 63 168 261 148 155 181 391 268 203 159 134 193 136 295 339 186 212 168 402 128 259 105 331 237 189 304 153 73 219 112 94 172 107 
444 133 137 158 0.0 230 285 67 367 138 191 45 76 224 101 124 54 255 179 54 241 187 223 62 248 113 272 107 202 74 190 276 295 31 83 236 255 90 196 67 263 107 265 151 69 129 77 116 161 78 184 
677 219 166 277 232 0.0 202 245 172 254 200 267 309 228 245 356 287 167 273 287 101 195 178 194 194 199 214 337 199 200 220 137 145 217 169 208 208 305 69 245 57 340 241 202 302 322 209 204 226 179 267 
641 361 311 209 273 217 0.0 227 281 397 146 268 349 104 363 329 327 53 171 327 112 142 75 234 339 341 90 317 97 241 185 135 179 257 220 83 391 286 204 227 256 380 116 345 342 277 260 178 124 220 144 
503 192 196 106 95 256 218 0.0 358 197 139 43 135 156 160 183 114 240 112 114 227 134 155 109 308 173 204 95 134 122 122 261 286 90 141 168 315 63 187 0.0 259 167 197 211 129 80 137 58 94 101 116 
783 334 281 402 339 152 255 352 0.0 323 324 373 415 344 360 463 394 216 402 394 165 319 313 301 215 315 330 443 335 307 344 152 120 324 284 323 228 412 217 352 143 447 357 317 409 428 324 316 362 286 384 
556 86 91 314 156 274 377 223 335 0.0 303 201 219 380 72 246 206 344 335 206 330 299 346 168 142 67 383 259 337 173 313 364 384 159 162 371 128 246 285 223 257 196 401 54 213 285 116 263 317 182 340 
571 297 260 138 198 217 117 156 348 333 0.0 183 275 80 297 258 253 165 100 253 185 57 54 154 334 277 104 247 33 170 100 220 264 187 188 68 379 215 199 156 255 306 97 281 268 206 196 93 53 149 94 
475 164 168 126 67 261 240 22 375 169 161 0.0 107 179 132 155 85 257 134 85 244 157 177 93 279 145 227 114 156 106 144 278 303 62 114 191 287 82 204 22 276 139 220 183 101 99 109 74 116 110 138 
367 191 196 177 95 289 337 119 426 196 251 97 0.0 276 159 47 21 314 223 21 301 246 275 121 307 172 324 86 254 134 242 335 355 90 142 288 315 118 256 119 322 91 317 210 6 110 137 168 213 138 236 
577 343 306 145 248 236 109 165 375 362 134 208 291 0.0 325 265 279 157 84 279 221 133 67 204 389 323 56 255 86 216 135 230 274 233 235 42 425 223 254 165 275 332 41 327 294 213 242 135 81 195 40 
532 79 113 261 103 296 364 171 405 69 267 148 179 328 0.0 222 158 331 283 158 317 262 316 137 212 59 353 210 301 150 277 351 371 106 154 335 198 194 272 171 327 156 364 83 173 233 108 220 265 154 287 
320 239 244 151 142 337 345 167 474 238 275 145 47 275 207 0.0 69 362 191 69 348 276 283 169 355 219 331 134 262 181 263 383 402 138 190 296 362 166 303 167 370 139 316 257 54 158 184 216 221 185 234 
389 170 174 164 73 267 316 97 405 175 229 75 21 254 138 69 0.0 293 210 0.0 279 224 253 99 286 150 302 64 232 112 220 313 333 68 120 266 293 96 234 97 300 69 295 188 15 132 115 147 192 116 214 
684 328 278 257 239 184 53 237 237 363 184 258 316 152 330 363 294 0.0 218 294 66 179 123 201 306 308 138 329 145 207 204 100 144 224 187 131 358 297 170 237 223 347 164 312 309 313 227 188 172 186 192 
493 284 254 61 187 263 167 91 395 289 97 135 207 84 252 180 200 215 0.0 200 232 119 104 152 362 264 140 171 83 164 97 266 310 181 183 118 373 139 230 91 302 257 125 275 214 128 190 83 43 143 43 
389 170 174 164 73 267 316 97 405 175 229 75 21 254 138 69 0.0 293 210 0.0 279 224 253 99 286 150 302 64 232 112 220 313 333 68 120 266 293 96 234 97 300 69 295 188 15 132 115 147 192 116 214 
670 314 264 248 226 120 112 223 174 350 171 245 302 207 316 350 281 66 248 281 0.0 166 160 187 292 294 193 315 182 194 191 87 102 210 173 186 310 283 118 223 159 334 219 298 296 299 214 174 209 173 243 
562 297 260 129 199 220 160 138 351 333 42 182 274 123 297 249 252 202 98 252 189 0.0 97 154 337 277 147 231 76 170 43 223 267 187 189 110 379 200 202 138 259 305 140 281 268 197 196 93 54 149 92 
566 306 269 133 207 226 105 151 357 342 70 192 280 68 306 253 262 152 95 262 194 66 0.0 163 343 286 91 242 21 179 109 225 269 196 197 55 388 210 208 151 265 315 84 290 277 201 205 102 48 158 89 
496 152 115 203 52 201 233 119 312 188 136 97 128 217 151 176 106 200 203 106 186 132 185 0.0 226 132 222 159 170 20 146 221 240 36 54 204 233 143 141 119 213 159 233 136 121 181 51 102 175 16 198 
673 152 99 370 229 188 341 297 223 146 307 274 305 381 178 353 283 308 374 283 272 302 330 219 0.0 132 367 336 341 224 317 308 316 213 162 360 52 320 222 297 146 335 393 135 299 358 182 267 346 217 368 
543 19 53 256 98 236 310 166 379 100 236 144 175 317 45 222 153 277 278 153 263 232 279 101 164 0.0 316 205 270 106 246 297 317 95 95 304 172 189 218 166 269 202 334 74 168 228 49 196 260 115 282 
619 396 359 204 297 246 119 224 385 421 160 267 350 58 384 323 338 167 143 338 230 155 89 252 399 376 0.0 314 109 269 194 240 284 285 276 65 436 282 264 224 284 391 30 380 353 271 295 191 138 248 99 
514 203 207 131 106 300 283 65 414 208 204 42 146 221 171 194 125 296 177 125 283 199 220 132 319 184 269 0.0 199 145 187 317 342 101 153 233 326 63 243 65 315 178 262 222 140 102 148 114 159 149 181 
587 327 290 154 228 210 83 172 349 363 91 213 301 47 327 274 283 131 116 283 195 87 21 184 363 307 70 263 0.0 200 130 204 248 217 218 34 400 231 228 172 249 336 63 311 298 222 226 123 69 179 80 
476 159 122 190 32 215 257 99 336 167 160 77 108 241 130 156 86 224 211 86 211 156 209 24 233 139 246 139 194 0.0 170 245 264 16 68 229 241 122 166 99 237 139 258 143 101 161 63 126 193 41 215 
528 254 217 96 156 177 154 95 308 290 37 139 231 118 255 216 209 159 96 209 146 33 91 111 294 234 141 188 71 127 0.0 180 224 144 146 105 336 157 159 95 216 263 134 238 225 154 154 50 68 106 90 
701 345 295 279 257 150 133 254 159 381 202 276 333 222 347 381 312 94 279 312 83 197 191 218 323 325 208 346 213 225 222 0.0 44 241 204 201 341 314 149 254 189 364 234 329 327 330 245 205 240 204 262 
704 342 289 320 260 139 174 272 127 376 243 294 336 263 350 384 314 135 320 314 85 238 232 221 316 322 249 364 254 228 263 49 0.0 244 207 242 330 333 138 272 179 367 276 325 329 349 247 237 281 207 303 
459 142 105 173 15 199 270 83 346 151 179 60 91 239 114 139 70 237 195 70 223 174 227 49 217 123 264 122 212 58 188 258 277 0.0 51 247 224 106 178 83 231 123 276 126 85 145 46 132 177 66 199 
511 140 104 221 67 147 219 134 295 176 158 112 143 239 142 191 121 186 225 121 172 154 201 57 180 121 238 174 192 62 168 206 226 51 0.0 226 222 158 127 134 179 174 255 125 136 196 40 118 198 67 220 
590 330 293 158 232 213 86 175 353 366 94 216 304 42 331 277 286 134 119 286 198 90 24 187 366 310 73 266 44 203 133 207 251 220 221 0.0 403 234 231 175 252 339 58 314 301 225 229 126 72 182 75 
679 165 129 403 245 231 415 312 266 122 381 290 321 442 191 369 299 381 424 299 315 376 391 247 73 146 428 352 413 252 390 351 359 242 235 421 0.0 335 296 312 189 319 455 141 314 374 195 340 406 261 429 
451 218 223 149 122 316 314 96 446 224 235 74 83 253 187 130 61 328 208 61 314 231 252 148 335 199 301 31 231 161 219 349 374 117 169 265 342 0.0 275 96 347 118 294 237 76 82 164 145 190 165 212 
623 259 206 258 178 110 209 191 228 293 183 213 255 249 269 302 233 176 261 233 111 178 198 140 234 239 235 283 217 146 203 147 156 163 126 228 286 251 0.0 191 125 286 262 242 248 268 166 156 233 125 255 
503 192 196 106 95 256 218 0.0 358 197 139 43 135 156 160 183 114 240 112 114 227 134 155 109 308 173 204 95 134 122 122 261 286 90 141 168 315 63 187 0.0 259 167 197 211 129 80 137 58 94 101 116 
694 239 186 317 250 57 241 263 140 271 239 284 326 268 265 374 305 207 312 305 141 235 217 212 162 220 254 355 238 218 260 177 185 235 189 247 176 323 123 263 0.0 358 281 222 320 340 229 227 266 197 307 
497 145 171 228 88 300 355 137 437 150 262 115 129 294 113 176 107 325 249 107 311 257 293 132 283 125 342 159 272 145 260 346 365 101 153 306 279 161 266 137 333 0.0 335 164 122 199 131 186 231 149 254 
602 385 348 187 287 235 109 213 375 411 150 257 333 48 374 307 326 156 126 326 220 145 79 242 388 366 55 297 99 258 183 229 273 275 265 55 425 265 253 213 274 380 0.0 369 340 255 285 181 127 237 88 
555 32 37 269 111 220 322 179 354 51 249 156 187 330 58 235 166 289 291 166 276 245 292 113 140 12 329 218 283 119 259 310 329 108 108 317 147 202 231 179 252 206 346 0.0 181 241 62 209 273 128 295 
374 185 189 179 88 283 331 113 420 190 244 90 6 269 153 54 15 308 225 15 294 239 268 114 301 165 318 79 247 127 235 329 348 83 135 281 308 112 249 113 315 84 311 203 0.0 117 130 162 207 131 229 
479 246 250 66 149 319 275 63 421 251 197 81 169 214 214 167 147 303 130 147 290 192 213 172 361 226 262 117 192 185 180 324 349 144 196 226 368 86 250 63 322 204 255 264 162 0.0 190 121 151 164 174 
506 100 63 219 61 188 260 129 336 136 187 107 138 268 102 185 116 227 241 116 214 182 230 51 174 80 266 168 221 57 197 248 267 46 46 255 182 152 169 129 221 169 284 84 131 191 0.0 147 223 66 245 
535 259 245 102 161 259 206 66 390 264 119 110 202 144 227 222 180 241 108 180 227 114 143 143 353 239 192 159 122 155 102 262 306 157 174 156 364 127 221 66 293 233 185 266 195 124 182 0.0 82 134 104 
517 280 244 85 186 250 123 102 381 300 53 146 231 81 263 205 216 171 46 216 218 105 61 141 351 261 110 193 40 154 72 244 288 170 173 74 362 161 219 102 288 269 103 265 231 153 180 72 0.0 133 40 
497 152 116 211 53 202 243 120 322 188 152 98 129 233 151 177 107 210 219 107 196 147 201 15 227 133 237 160 185 21 161 231 250 37 55 220 234 143 151 120 223 160 249 137 122 182 52 118 191 0.0 213 
537 303 266 105 208 272 150 124 403 322 94 168 251 40 285 225 238 197 44 238 240 127 102 163 374 283 96 215 81 176 94 270 314 192 195 83 384 183 241 124 311 291 82 287 254 173 202 94 40 155 0.0 
0.0 6496 6537 5675 5693 7313 7617 5714 9093 6136 6916 5528 4561 7006 6266 3936 4863 7749 6195 4863 7635 6989 7094 5913 7467 6333 7659 5438 6919 6018 6793 8205 8318 5655 6088 7207 7209 5645 6965 5714 7729 5488 7453 6779 4654 5520 6043 6122 6585 6053 6654 
6152 0.0 384 1969 660 1795 2578 1224 3263 1228 1714 1038 1635 2391 693 2261 1334 2345 2294 1334 2231 1688 2118 677 1313 550 2426 1737 1927 721 1767 2801 2913 634 631 2214 1554 1359 1561 1224 2211 1730 2462 560 1543 1726 247 1443 2008 787 2289 
6592 440 0.0 2410 1101 1523 2824 1665 2992 967 2155 1479 2076 2832 657 2702 1775 2591 2735 1775 2478 2129 2578 1118 1025 278 2886 2178 2368 1162 2208 3047 2863 1075 1072 2830 1265 1800 1518 1665 1940 2002 2903 299 1984 2167 687 1884 2449 1228 2730 
5379 2428 2598 0.0 1614 3131 2055 899 4439 2692 1354 1055 1658 1444 2198 1554 1960 2453 633 1960 2584 1427 1532 1748 3469 2265 1985 1252 1357 1845 1231 3154 3722 1577 2009 1644 3768 1023 2328 899 3247 2584 1865 2773 1751 630 2068 1170 1023 1670 1091 
5491 1112 1143 1309 0.0 1919 2379 564 3699 1376 1526 378 975 1981 882 1600 673 2355 1633 673 2241 1501 1857 518 2072 949 2270 1076 1682 623 1444 2811 2923 261 693 1969 2313 698 1570 564 2335 1069 2217 1395 882 1065 648 971 1348 658 1628 
7430 1828 1387 3044 1939 0.0 1890 2069 1673 2355 2095 2250 2914 2453 2044 3539 2612 1608 2746 2612 1057 2070 1953 1658 1619 1665 2261 2733 2131 1672 2231 1719 1789 1810 1408 2205 2025 2504 566 2069 621 3008 2482 1686 2821 2710 1717 2147 2358 1497 2793 
7396 3164 2780 2016 2420 1844 0.0 1893 3204 3701 1078 2093 3396 944 3182 3571 3094 445 1424 3094 964 1052 632 2140 3013 3001 752 2546 809 2154 1292 1568 2137 2292 2020 696 3448 2317 1814 1893 2842 3490 973 3033 3303 2574 2328 1381 1037 1979 1295 
5978 1599 1630 1154 786 2059 1815 0.0 3617 1863 1101 357 1462 1416 1369 2087 1160 2157 1069 1160 2043 1076 1293 909 2559 1437 1706 691 1118 1007 880 2613 2841 748 1170 1405 2800 462 1489 0.0 2409 1556 1653 1883 1369 668 1136 483 783 832 1064 
8945 3243 2802 4522 3454 1725 3036 3583 0.0 2953 3573 3764 4429 3880 3460 5054 4127 2615 4251 4127 1977 3548 3469 3173 2049 3080 3688 4247 3647 3187 3709 1819 1332 3325 2824 3632 2163 4019 2390 3583 1255 4523 3910 3102 4336 4225 3132 3295 3874 3012 4231 
6877 938 978 2817 1508 2502 3516 2072 3071 0.0 2652 1886 2040 3489 772 3070 1941 3283 3141 1941 3169 2627 3057 1615 1187 775 3364 2344 2866 1660 2705 3739 3852 1535 1570 3153 1072 2206 2499 2072 2345 1808 3400 668 1948 2573 1185 2382 2856 1726 3136 
6657 2371 2064 1277 1546 2205 910 1154 3513 2908 0.0 1411 2521 677 2404 2832 2219 1309 685 2219 1658 370 378 1175 2740 2208 801 1807 213 1312 610 2228 2796 1450 1456 500 3234 1578 1542 1154 2756 2616 747 2240 2428 1835 1535 699 297 1137 733 
5752 1373 1404 1062 559 2180 2001 186 3758 1637 1287 0.0 1236 1603 1143 1861 934 2298 1255 934 2184 1262 1479 779 2333 1210 1892 850 1304 884 1066 2754 2982 522 954 1591 2574 621 1630 186 2550 1330 1839 1657 1143 827 910 624 969 919 1250 
4516 1934 1975 1490 1131 2751 2968 1152 4531 2198 2359 966 0.0 2569 1704 625 301 3187 2568 301 3074 2334 2446 1351 2905 1771 2859 876 2271 1456 2033 3643 3756 1093 1526 2558 3145 1083 2403 1152 3167 926 2805 2217 92 925 1481 1560 1936 1491 2217 
6851 2968 2661 1471 2176 2531 996 1487 4073 3351 1117 1845 3129 0.0 2857 3026 2648 1394 738 2648 2050 1053 632 1811 3369 2805 541 2070 798 1909 1092 2437 3005 2047 2073 431 3831 1842 2171 1487 3082 3044 420 2837 2857 2029 2132 1234 786 1734 351 
5973 660 942 2172 862 2466 3216 1427 3874 803 2155 1241 1838 2844 0.0 2166 1536 2983 2496 1536 2870 2130 2608 1147 1990 497 2915 1939 2368 1252 2208 3439 3552 889 1284 2656 1875 1561 2199 1427 3148 1345 2903 822 1745 1928 907 1834 2211 1287 2491 
3890 2559 2601 1847 1756 3376 3790 1777 5157 2239 3089 1591 625 3179 2329 0.0 927 3812 2368 927 3699 3162 3267 1976 3530 2396 3720 1501 3092 2081 2966 4269 4381 1719 2151 3379 3771 1708 3028 1777 3793 1551 3600 2842 717 1550 2106 2185 2758 2116 2826 
4817 1632 1674 1392 829 2449 2666 850 4230 1896 2057 664 301 2267 1402 927 0.0 2885 1920 0.0 2772 2032 2144 1049 2603 1469 2557 574 1969 1154 1731 3342 3454 792 1224 2256 2844 781 2101 850 2866 624 2504 1915 209 1227 1179 1258 1634 1189 1915 
7677 2930 2546 2415 2186 1610 445 2118 2674 3467 1680 2299 3161 1342 2948 3787 2859 0.0 1823 2859 550 1654 1031 1906 2778 2767 1151 2782 1208 1920 1815 1120 1688 2058 1786 1095 3213 2553 1580 2118 2238 3256 1372 2799 3069 2772 2094 1732 1435 1745 1694 
6112 2373 2176 732 1560 2709 1395 773 4018 2637 695 1134 2390 810 2143 2287 1637 1794 0.0 1637 2162 1005 873 1326 3048 2210 1352 1332 698 1423 669 2732 3300 1561 1587 985 3346 1103 1906 773 2826 2091 1231 2351 2483 1290 1646 748 363 1248 458 
4817 1632 1674 1392 829 2449 2666 850 4230 1896 2057 664 301 2267 1402 927 0.0 2885 1920 0.0 2772 2032 2144 1049 2603 1469 2557 574 1969 1154 1731 3342 3454 792 1224 2256 2844 781 2101 850 2866 624 2504 1915 209 1227 1179 1258 1634 1189 1915 
7565 2817 2434 2516 2073 1007 964 2006 1988 3355 1567 2187 3049 2091 2836 3674 2747 551 2245 2747 0.0 1542 1463 1793 2666 2654 1899 2670 1640 1807 1703 1007 1212 1945 1673 1843 3040 2441 967 2006 1635 3143 2120 2686 2956 2660 1982 1619 1868 1632 2293 
6592 2324 2018 1212 1500 2183 1149 1040 3492 2862 238 1398 2503 916 2358 2767 2201 1750 682 2201 1636 0.0 616 1128 2719 2162 1040 1711 452 1266 239 2206 2774 1404 1429 739 3188 1482 1520 1040 2734 2597 986 2193 2410 1526 1489 655 302 1091 729 
6764 2420 2114 1384 1596 2254 874 1260 3563 2957 445 1460 3042 641 2454 2938 2269 1273 792 2269 1707 420 0.0 1224 2790 2257 765 1913 177 1361 659 2316 2884 1499 1505 464 3284 1684 1591 1260 2805 2665 711 2289 2478 1942 1584 748 404 1186 839 
5926 1265 959 1933 434 1679 2128 998 3239 1802 1066 812 1409 1744 1293 2035 1108 1895 1662 1108 1781 1041 1519 0.0 1888 1102 1826 1511 1280 168 1119 2351 2463 306 453 1567 2129 1133 1110 998 2030 1504 1814 1134 1317 1500 430 838 1428 139 1709 
7399 1249 808 3315 1908 1885 3028 2472 2139 1224 2458 2286 2883 3281 1465 3508 2581 2795 3053 2581 2906 2432 2782 1822 0.0 1086 3090 2985 2671 1867 2511 3568 3638 1780 1347 3034 434 2606 1722 2472 1413 2811 3311 1107 2790 2974 1496 2187 2820 1773 3101 
6314 162 444 2132 823 1968 2741 1387 3613 1006 1877 1201 1798 2554 379 2424 1497 2508 2457 1497 2394 1851 2281 840 1374 0.0 2589 1900 2090 884 1930 2964 3076 797 794 2377 1614 1522 1724 1387 2384 1724 2625 620 1706 1889 409 1606 2171 950 2452 
7343 3193 2887 2253 2369 2540 1005 2025 4083 3888 1218 2382 3911 537 3395 3808 3185 1404 1521 3185 2059 1193 773 1997 3379 3030 0.0 2853 938 2135 1629 2447 3015 2272 2273 571 4496 2624 2180 2025 3091 3582 250 3062 3394 2811 2358 1521 1177 1960 888 
6077 1699 1729 1083 885 2505 2358 542 4084 1963 1613 356 1561 1959 1469 2187 1260 2624 1611 1260 2510 1587 1835 1105 2659 1536 2248 0.0 1660 1210 1422 3080 3308 847 1279 1947 2899 473 1955 542 2875 1656 2195 1982 1469 840 1235 950 1326 1244 1606 
6939 2595 2289 1559 1771 2232 697 1435 3774 3132 620 1635 3217 464 2629 3113 2444 1096 967 2444 1751 595 175 1399 3071 2432 588 2088 0.0 1537 834 2139 2707 1674 1680 287 4188 1860 1872 1435 2783 2840 534 2464 2653 2117 1760 923 579 1361 671 
5757 1326 1019 1575 266 1795 2330 830 3441 1618 1269 644 1241 1946 1124 1866 939 2097 1899 939 1983 1243 1721 202 1949 1163 2029 1343 1482 0.0 1321 2553 2665 137 569 1769 2189 964 1313 830 2232 1335 2017 1195 1148 1332 525 1040 1614 341 1895 
6455 2085 1778 1075 1260 1944 1176 801 3252 2622 265 1158 2263 943 2119 2629 1962 1511 804 1962 1397 240 644 889 2479 1922 1067 1471 479 1026 0.0 1967 2535 1164 1190 766 2948 1242 1281 801 2495 2358 1013 1954 2171 1287 1249 416 571 851 851 
8087 3340 2956 3038 2596 1614 1552 2528 1838 3877 2089 2709 3571 2396 3358 4196 3269 1132 2768 3269 959 2064 1986 2315 3188 3177 2205 3192 2163 2329 2225 0.0 568 2467 2195 2149 3646 2963 1574 2528 2242 3665 2426 3209 3478 3182 2504 2141 2390 2154 2748 
7936 3207 2766 3566 2444 1421 2079 2574 1349 3734 2617 2755 3420 2923 3207 4045 3118 1659 3295 3118 968 2591 2513 2164 3340 3044 2732 3238 2690 2178 2752 638 0.0 2316 2044 2676 3454 3010 1381 2574 2049 3514 2953 3065 3327 3216 2353 2286 2917 2003 3275 
5619 1188 881 1437 128 1657 2397 692 3126 1480 1421 506 1103 2109 987 1728 801 2164 1761 801 2051 1395 1873 412 1811 1025 2181 1205 1634 489 1474 2621 2733 0.0 432 1921 2051 826 1380 692 2073 1198 2169 1057 1010 1194 387 1100 1476 552 1757 
6051 1144 837 2073 560 1225 2009 1124 2694 1681 1215 938 1535 1893 1162 2161 1233 1776 1810 1233 1662 1190 1620 474 1500 981 1927 1637 1428 519 1268 2232 2344 432 0.0 1716 2007 1258 991 1124 1641 1630 1963 1013 1443 1626 308 945 1577 523 1858 
6965 2622 2315 1585 1797 2259 723 1462 3801 3159 647 1662 3243 425 2656 3140 2470 1122 993 2470 1777 621 201 1426 3097 2459 616 2115 366 1563 861 2165 2733 1701 1707 0.0 4214 1886 1899 1462 2810 2867 495 2491 2679 2143 1786 950 605 1388 632 
7902 1563 1256 3533 2223 2243 3641 2788 2497 1024 3071 2602 3199 4659 1779 3824 2897 3815 3857 2897 3263 3046 4160 2240 613 1400 4468 3300 4337 2285 3124 3926 3995 2198 1961 4412 0.0 2922 2335 2788 1771 2833 4689 1362 3106 3289 1810 2801 3571 2350 3852 
5351 1995 2037 1241 1192 2812 2586 771 4312 2259 1841 584 835 2188 1765 1461 534 2852 1840 534 2738 1816 2064 1412 2966 1832 2477 228 1889 1517 1651 3308 3537 1155 1587 2176 3207 0.0 2184 771 3104 987 2424 2278 743 676 1542 1178 1554 1552 1835 
6873 2125 1684 2351 1382 756 1860 1512 2447 2652 1446 1693 2357 2113 2144 2982 2055 1627 2124 2055 939 1421 1614 1101 1916 1962 1921 2176 1659 1115 1582 1602 1671 1253 981 1865 2351 1947 0.0 1512 1210 2451 2143 1983 2264 2153 1290 1223 1724 940 2172 
5978 1599 1630 1154 786 2059 1815 0.0 3617 1863 1101 357 1462 1416 1369 2087 1160 2157 1069 1160 2043 1076 1293 909 2559 1437 1706 691 1118 1007 880 2613 2841 748 1170 1405 2800 462 1489 0.0 2409 1556 1653 1883 1369 668 1136 483 783 832 1064 
7790 2116 1676 3606 2298 598 2452 2428 1313 2455 2658 2609 3274 3015 2333 3899 2972 2170 3308 2972 1619 2632 2516 2018 1552 1954 2823 3092 2693 2032 2793 2281 2351 2170 1697 2767 1665 2864 1134 2428 0.0 3368 3044 1975 3181 3070 2006 2140 2920 1857 3355 
5877 1211 1428 1896 733 2506 2967 1151 4286 1475 2114 965 1361 2568 981 1986 1059 2942 2220 1059 2828 2088 2445 1105 2357 1048 2858 1462 2269 1211 2032 3398 3510 848 1280 2557 2548 1285 2158 1151 2922 0.0 2804 1495 1268 1653 1093 1559 1935 1245 2216 
7132 3107 2800 2042 2282 2454 918 1938 3996 3802 1131 2295 3700 450 3308 3597 2947 1317 1310 2947 1972 1106 686 1911 3292 2944 464 2642 851 2048 1542 2360 2928 2186 2186 484 4409 2413 2094 1938 3005 3495 0.0 2975 3793 2600 2271 1434 1090 1873 801 
6422 270 309 2239 930 1833 2848 1495 3408 668 1984 1308 1906 2662 486 2531 1604 2615 2564 1604 2501 1959 2388 947 1169 107 2696 2007 2197 992 2037 3071 3183 904 902 2484 1410 1629 1831 1495 2249 1840 2732 0.0 1813 1996 517 1713 2278 1057 2559 
4608 1841 1883 1601 1038 2658 2875 1060 4439 2105 2266 873 92 2477 1611 717 209 3095 2129 209 2981 2241 2353 1258 2812 1678 2766 783 2178 1363 1940 3551 3663 1001 1433 2465 3053 990 2310 1060 3075 833 2713 2124 0.0 1018 1388 1467 1843 1398 2124 
5687 2056 2087 564 1242 2587 2297 527 4145 2320 1584 682 1487 1899 1826 1862 1185 2684 1198 1185 2570 1558 1775 1436 3016 1893 2188 880 1600 1534 1362 3140 3369 1205 1637 1887 3257 651 2016 527 2936 1639 2135 2340 1394 0.0 1593 1010 1266 1359 1546 
6007 835 529 1825 516 1547 2331 1080 3016 1372 1467 894 1491 2144 854 2116 1189 2098 2149 1189 1984 1441 1871 430 1458 672 2179 1593 1680 474 1520 2554 2666 387 384 1967 1699 1214 1314 1080 1964 1585 2215 704 1398 1582 0.0 1196 1864 540 2144 
6507 2154 2038 1127 1340 2613 1715 554 3921 2418 934 912 2017 1316 1924 2682 1715 2179 1042 1715 2066 909 1193 1189 2910 1991 1606 1225 1018 1286 713 2635 3204 1303 1450 1305 3208 996 1769 554 2688 2111 1553 2214 1924 1040 1509 0.0 683 1111 964 
6359 2336 2030 979 1544 2404 1031 856 3713 2720 331 1213 2637 787 2226 2534 2016 1430 387 2016 1857 700 509 1180 2902 2173 922 1509 334 1277 460 2473 3041 1415 1441 621 3200 1280 1760 856 2955 2413 869 2205 2226 1537 1500 602 0.0 1102 435 
5932 1272 965 1750 441 1685 2174 1005 3285 1809 1197 819 1416 1874 1299 2041 1114 1941 1792 1114 1827 1171 1649 130 1895 1109 1957 1518 1410 175 1249 2397 2509 312 460 1697 2135 1139 1157 1005 2077 1510 1945 1141 1323 1507 436 968 1559 0.0 1839 
6500 2617 2310 1120 1824 2685 1348 1136 3993 3000 766 1494 2778 352 2506 2674 2297 1747 387 2297 2138 981 944 1460 3182 2454 893 1719 769 1558 740 2790 3358 1696 1722 783 3480 1491 2040 1136 3236 2693 773 2486 2506 1678 1781 883 435 1383 0.0 
