-1.57586 47.2563 -1.575891 47.2564625 524678784
1
100 
50
41 10 12 14 -1.54793 47.2141 -1.5484646 47.2139206 292687577
24 10 6 9 -1.55937 47.2219 -1.5592456 47.2219182 120165974
20 5 14 17 -1.54885 47.2047 -1.5484486 47.2049957 341809734
15 10 6 9 -1.5521 47.2212 -1.5517728 47.2214653 1764710418
31 10 7 12 -1.56309 47.2187 -1.563122 47.2186651 287727481
10 5 7 10 -1.56079 47.2119 -1.5616218 47.2122012 292679470
17 5 16 20 -1.54916 47.22 -1.5492266 47.2200708 571479563
29 10 7 10 -1.54829 47.2051 -1.5484486 47.2049957 341809734
17 10 14 17 -1.56394 47.2138 -1.5640822 47.2138552 296945184
24 10 6 9 -1.55963 47.2259 -1.5597928 47.2260109 285972392
8 5 7 10 -1.56511 47.2142 -1.5655597 47.2144118 296394098
37 5 6 9 -1.56501 47.2148 -1.5651713 47.2147869 296394097
19 5 12 14 -1.54709 47.2168 -1.5468487 47.2165498 597296096
24 10 7 10 -1.55485 47.206 -1.554683 47.2055538 1549955484
11 10 9 12 -1.54666 47.2203 -1.5457954 47.2206091 281121882
14 10 9 12 -1.55753 47.2049 -1.5578632 47.2049611 360697042
26 5 7 12 -1.57121 47.2128 -1.5715517 47.2128133 1658935844
9 10 9 12 -1.54416 47.2212 -1.5437025 47.2213434 336115372
19 5 7 10 -1.56323 47.2201 -1.562828 47.2204958 3273097396
12 10 7 10 -1.53635 47.2154 -1.5364412 47.2152463 1556284461
8 10 7 12 -1.55496 47.2296 -1.5546904 47.2293574 291910777
41 10 16 20 -1.55938 47.2096 -1.5589808 47.209511 292328153
37 10 9 12 -1.5607 47.227 -1.5609572 47.2273533 285972391
2 10 16 20 -1.56552 47.2042 -1.56588 47.2041241 2870930675
28 10 9 12 -1.56241 47.2152 -1.5630876 47.2151297 315258306
10 5 7 12 -1.56634 47.2108 -1.5660044 47.2108988 292302290
9 10 7 12 -1.55213 47.2174 -1.5518625 47.2176254 339037610
12 10 14 17 -1.56091 47.2175 -1.5613937 47.2176085 292341927
31 10 7 12 -1.57345 47.2086 -1.573089 47.208788 309249458
49 10 9 12 -1.56191 47.2207 -1.5619707 47.2208756 566734407
39 10 7 12 -1.55899 47.2122 -1.5591216 47.2120003 292672036
10 5 7 10 -1.55068 47.2067 -1.550619 47.2068491 360242867
65 10 12 14 -1.56559 47.2328 -1.5656511 47.232967 307965943
21 5 14 17 -1.55914 47.2063 -1.5590328 47.2060918 279634890
9 10 7 10 -1.54522 47.2111 -1.5450286 47.2111413 293255550
30 10 9 12 -1.553 47.2046 -1.5533498 47.2046682 360697021
37 5 7 12 -1.54681 47.2012 -1.5466487 47.2013132 1650331225
12 10 7 10 -1.55889 47.2251 -1.5589833 47.2250694 1575454482
11 5 16 20 -1.54276 47.2271 -1.5425873 47.2271465 277456640
8 10 12 14 -1.53845 47.2028 -1.5377468 47.2025022 652575505
23 10 9 12 -1.55163 47.2068 -1.5520395 47.2068104 796994215
26 10 7 10 -1.55164 47.2233 -1.5507265 47.2238569 302423520
24 10 7 10 -1.5561 47.2139 -1.5567027 47.2135841 4988076365
17 10 12 14 -1.54825 47.2051 -1.5480813 47.2050942 360242871
9 10 7 10 -1.56519 47.2126 -1.5649336 47.2122435 296394115
6 10 7 10 -1.55137 47.2108 -1.5516039 47.2109427 292734442
8 5 14 17 -1.53515 47.2205 -1.5352051 47.2204994 315774951
29 10 6 9 -1.54736 47.2113 -1.5469039 47.2113974 292734481
26 5 6 9 -1.56345 47.2305 -1.5633716 47.230295 286348534
5 5 16 20 -1.56857 47.2104 -1.5684739 47.2102137 305615954
0.0 523 339 571 399 422 472 460 571 452 287 429 420 467 551 456 569 475 478 394 603 358 527 275 600 424 490 407 415 524 375 486 566 220 583 560 567 615 296 454 677 569 396 459 569 483 499 566 565 248 504 
518 0.0 218 136 211 198 145 217 136 181 232 208 199 110 140 172 159 263 189 220 109 302 131 244 208 176 194 146 173 258 215 115 131 299 172 101 157 182 223 252 242 144 242 122 134 179 65 227 101 271 225 
398 227 0.0 274 126 82 162 187 274 152 111 129 120 194 248 183 267 197 204 54 325 182 199 124 314 124 204 134 76 246 36 159 269 178 280 287 265 313 102 192 380 267 124 160 272 187 203 293 273 151 217 
575 141 274 0.0 268 255 164 320 0.0 199 289 226 217 201 45 275 64 236 295 276 163 359 108 301 114 200 188 203 230 231 272 134 39 356 90 108 32 55 280 355 117 52 299 165 14 198 77 285 107 328 198 
383 207 82 254 0.0 140 177 111 254 193 96 187 178 131 234 78 253 255 99 137 280 154 210 108 302 182 251 74 134 300 118 169 249 163 266 237 251 299 87 116 360 253 47 143 252 203 183 188 242 135 271 
410 199 120 247 156 0.0 123 218 247 103 137 80 71 209 221 214 240 148 235 31 298 207 172 149 265 75 155 150 28 197 40 131 242 198 253 265 237 285 128 223 353 239 155 132 245 139 175 323 246 176 168 
514 136 230 158 226 163 0.0 282 158 106 247 133 124 174 105 237 124 161 258 190 206 317 56 259 173 107 93 171 143 156 185 41 136 302 137 161 121 170 238 317 255 123 257 71 160 105 112 307 180 286 123 
423 197 122 245 39 180 191 0.0 245 207 136 227 218 114 225 42 244 295 63 176 264 178 215 148 293 201 259 57 174 314 158 177 240 203 257 220 241 289 127 122 351 243 71 147 243 217 173 151 226 175 285 
575 141 274 0.0 268 255 164 320 0.0 199 289 226 217 201 45 275 64 236 295 276 163 359 108 301 114 200 188 203 230 231 272 134 39 356 90 108 32 55 280 355 117 52 299 165 14 198 77 285 107 328 198 
447 177 209 199 211 102 41 273 199 0.0 231 66 57 193 146 228 165 142 249 134 247 301 97 243 214 46 110 162 97 153 143 59 177 235 178 202 162 211 222 309 296 164 242 90 201 56 153 338 221 261 124 
286 236 51 283 111 134 206 172 283 204 0.0 181 172 180 263 169 282 249 190 106 316 70 239 12 331 176 255 119 128 298 87 198 278 66 295 272 280 328 8 177 389 281 109 172 281 231 212 278 278 39 269 
431 200 211 222 221 102 64 279 222 22 233 0.0 29 216 169 235 188 94 256 134 270 303 120 245 208 49 98 168 99 141 143 82 200 219 201 225 185 234 224 314 319 187 246 113 224 65 176 344 244 245 112 
420 188 182 226 191 75 67 250 226 32 204 9 0.0 198 172 205 191 85 226 107 274 274 124 216 201 19 91 139 70 134 116 85 204 208 202 228 189 237 195 285 323 191 217 113 227 74 164 315 234 234 105 
468 148 167 195 156 208 176 126 195 192 181 219 210 0.0 175 81 194 293 97 221 214 251 166 193 244 186 230 80 183 293 203 150 190 248 207 171 192 240 172 160 301 194 156 132 193 202 124 160 176 220 260 
551 137 250 53 243 210 118 296 53 153 265 181 171 176 0.0 251 18 190 271 237 204 335 62 277 68 154 142 179 191 185 232 88 45 331 44 148 16 64 256 331 150 34 275 119 63 152 114 309 148 304 152 
468 174 167 279 84 225 236 44 279 252 181 272 263 84 259 0.0 278 340 21 221 225 188 250 193 328 246 304 102 219 359 203 222 274 248 292 193 276 324 172 80 338 278 75 192 277 262 208 109 198 220 330 
591 178 291 72 284 251 159 337 72 194 306 205 204 217 41 292 0.0 171 312 278 232 376 103 318 49 195 125 220 232 166 273 129 72 372 25 176 35 83 297 372 169 75 316 160 84 193 146 350 175 345 133 
460 263 242 249 267 133 139 326 249 98 264 75 75 273 218 281 197 0.0 302 165 306 335 156 277 175 95 86 214 130 60 173 158 250 248 176 261 212 260 255 345 346 240 277 188 261 117 240 390 280 273 61 
489 195 188 301 106 246 258 66 301 274 202 293 284 105 281 21 299 361 0.0 243 204 210 271 215 349 267 326 123 240 380 224 243 296 269 313 214 297 345 193 93 359 299 96 213 299 283 229 88 220 242 351 
401 217 101 265 152 33 149 214 265 129 117 106 96 220 239 210 258 174 231 0.0 316 188 190 130 290 101 180 160 53 223 21 149 260 184 271 283 255 303 108 219 371 257 150 150 263 164 193 319 264 157 194 
615 108 314 148 294 296 220 254 148 255 328 282 273 147 180 209 199 300 209 317 0.0 390 152 341 249 256 232 228 271 295 313 190 143 395 222 74 180 193 319 233 219 155 285 220 145 254 140 121 109 367 262 
348 311 131 359 143 214 282 204 359 283 97 260 251 255 339 222 357 329 243 186 391 0.0 315 101 407 256 335 195 207 378 167 274 354 138 371 348 355 403 88 196 464 357 140 247 357 307 287 308 353 117 348 
517 132 232 118 228 165 73 284 118 109 249 136 126 171 64 239 83 147 260 192 150 320 0.0 262 133 109 79 173 146 142 187 43 96 305 97 104 81 129 240 320 215 83 259 74 119 107 109 271 123 289 109 
274 248 64 296 124 146 219 185 296 216 12 193 184 192 276 181 294 261 203 118 328 83 252 0.0 344 188 268 132 140 311 100 211 291 54 308 285 292 340 21 190 401 294 121 184 294 244 224 291 290 26 281 
620 233 346 127 339 291 203 391 127 244 360 233 233 272 95 346 74 200 366 323 286 431 158 373 0.0 246 154 274 287 195 328 184 127 408 92 231 90 138 352 427 224 129 371 214 138 225 201 405 230 400 162 
440 168 166 206 172 76 48 230 206 32 188 59 50 178 153 185 172 135 207 108 254 258 104 200 221 0.0 117 119 71 160 117 66 184 228 185 209 169 218 179 266 303 171 201 93 208 63 144 295 215 227 131 
465 207 243 226 243 137 71 306 226 90 265 79 79 223 176 261 173 78 282 169 277 335 127 277 152 92 0.0 195 133 84 177 89 207 253 152 232 189 237 256 342 323 194 275 120 231 70 183 371 251 279 55 
399 161 98 209 75 157 156 116 209 171 112 199 189 82 189 72 207 272 93 153 227 183 179 125 257 165 223 0.0 150 278 134 141 204 179 221 184 205 253 103 152 314 207 107 111 207 181 137 181 189 152 249 
429 171 123 219 159 24 107 221 219 94 145 71 62 181 193 188 211 139 209 56 270 215 144 157 256 67 146 122 0.0 188 65 103 214 212 225 237 209 257 136 226 324 211 158 104 217 130 147 298 218 184 159 
519 252 308 230 323 192 142 385 230 164 329 141 141 291 198 340 177 65 362 224 287 400 137 340 156 161 79 274 196 0.0 233 157 230 307 156 241 193 241 320 411 327 220 343 188 241 150 228 408 260 333 55 
383 232 80 279 131 72 168 192 279 154 96 131 122 199 253 188 272 199 210 39 330 166 205 108 315 126 205 139 78 248 0.0 164 274 163 286 292 270 318 87 198 385 272 129 165 277 189 208 298 278 135 219 
473 120 189 143 184 122 29 240 143 65 206 92 83 133 89 195 108 150 217 148 190 276 40 218 157 66 82 129 102 145 144 0.0 120 261 121 145 106 154 197 276 240 108 216 30 144 64 96 291 164 245 112 
571 136 270 37 263 242 149 315 37 185 284 212 203 196 37 270 56 228 290 268 159 355 94 297 106 185 173 198 222 223 264 119 0.0 351 79 103 54 82 275 351 142 12 294 150 35 183 73 280 103 324 190 
219 302 118 350 178 201 265 239 350 244 66 221 212 246 330 236 349 267 257 173 382 137 306 54 393 217 283 186 195 316 154 265 345 0.0 362 339 346 395 75 238 456 348 176 238 348 275 278 345 345 27 296 
583 169 282 101 275 242 150 328 101 185 297 203 203 208 47 283 44 169 303 269 236 367 94 309 64 186 123 211 223 164 264 120 79 363 0.0 180 64 112 288 363 198 66 307 151 111 184 146 341 180 336 131 
574 55 273 96 262 254 169 222 96 204 287 231 222 115 129 177 148 249 194 275 73 358 101 300 198 205 181 196 229 244 270 139 92 354 171 0.0 129 142 278 257 174 104 253 170 94 203 89 195 38 327 211 
564 151 263 37 257 223 131 309 37 167 278 194 184 190 13 264 31 203 284 250 197 348 75 290 81 167 155 192 204 198 245 101 45 345 57 142 0.0 48 269 344 134 47 288 132 48 165 111 319 141 317 165 
613 186 312 54 305 272 180 358 54 215 327 243 233 238 62 313 80 252 333 299 208 397 124 339 130 216 204 241 253 247 294 150 89 393 106 153 48 0.0 318 393 85 96 337 181 59 214 123 330 152 366 214 
295 227 42 274 103 125 197 163 274 195 8 172 163 171 254 160 273 240 181 97 307 79 230 21 323 167 247 111 119 289 79 189 269 75 286 264 271 319 0.0 168 380 273 100 163 272 223 203 270 269 48 260 
456 258 199 331 116 257 278 86 331 294 209 304 295 167 311 83 330 372 96 253 227 157 302 213 380 288 346 144 251 401 235 264 326 246 344 276 328 376 200 0.0 421 330 68 234 329 303 260 111 282 240 371 
664 210 363 105 356 344 259 338 105 295 378 322 313 231 141 293 160 331 310 365 189 448 204 390 209 296 283 292 319 326 361 229 133 444 186 158 128 88 369 373 0.0 146 369 260 103 294 166 311 193 417 293 
570 149 269 50 262 229 136 314 50 172 283 199 190 195 34 269 52 224 289 255 172 354 81 296 102 173 160 197 209 219 251 106 12 350 66 116 50 95 274 350 155 0.0 293 137 47 171 86 293 115 323 186 
431 255 130 303 48 189 226 63 303 242 144 235 226 173 282 88 301 304 110 185 296 116 258 157 351 231 300 120 182 348 166 218 297 211 315 282 299 347 136 68 408 301 0.0 191 300 251 231 179 287 184 319 
462 93 161 140 154 135 104 210 140 120 175 147 138 103 120 165 139 220 186 157 191 245 111 187 189 113 172 99 111 226 152 90 135 242 152 159 137 185 166 246 246 139 185 0.0 138 129 69 261 139 214 197 
578 143 277 2 270 257 166 322 2 201 291 228 219 203 48 277 66 238 297 279 165 361 110 303 116 202 190 205 232 233 274 136 41 358 92 110 34 57 282 358 119 54 301 167 0.0 200 80 287 109 330 200 
470 198 234 220 234 142 62 297 220 81 256 84 84 214 167 252 185 91 273 174 268 326 118 268 164 83 54 186 138 97 182 80 198 258 165 223 183 232 247 333 317 185 266 111 222 0.0 174 362 242 284 68 
498 63 197 71 190 177 124 242 71 160 211 187 178 123 104 197 123 242 217 199 157 281 110 223 172 155 174 125 152 237 194 94 66 278 145 89 104 116 202 278 177 79 221 101 69 158 0.0 255 70 250 204 
567 221 276 264 194 335 311 154 264 328 290 355 346 135 297 109 316 417 88 331 116 269 269 303 365 322 348 212 319 412 313 281 259 357 338 190 297 309 282 111 331 272 180 268 262 338 255 0.0 225 330 378 
562 44 261 103 254 242 188 248 103 224 275 251 242 141 136 203 155 275 220 263 98 346 127 288 205 220 206 189 217 270 258 159 98 342 178 25 136 149 267 282 200 111 278 166 101 223 64 220 0.0 315 236 
247 275 91 323 151 173 246 212 323 243 39 220 211 219 302 208 321 279 230 145 355 109 278 26 371 215 294 159 167 328 127 238 317 27 335 312 319 367 48 217 428 321 148 211 320 271 251 318 317 0.0 308 
489 230 267 208 268 161 95 330 208 114 289 103 103 247 176 285 155 52 306 193 265 359 115 301 134 116 24 219 157 58 202 113 208 277 134 219 171 219 280 366 305 198 299 144 219 94 206 386 238 303 0.0 
0.0 6023 4255 6586 4941 4945 5870 5445 6586 5638 3777 5510 5459 5509 6475 5420 6735 5875 5598 4696 6884 4366 5980 3604 7029 5496 6044 4981 4894 6377 4559 5640 6428 2886 6699 6282 6680 7317 3899 5086 7855 6585 4918 5445 6556 5866 5788 6017 6257 3229 6156 
5947 0.0 1824 1400 1764 1688 1287 1816 1400 1561 2175 1771 1720 923 1486 1442 1747 2357 1582 1865 1279 2763 1179 2348 2373 1500 1698 1236 1480 2227 1827 1039 1242 3066 1711 868 1692 1944 2054 2343 2669 1349 2027 1070 1370 1530 602 1901 704 2723 1949 
4934 1930 0.0 2493 1050 690 1314 1565 2493 1184 1162 1056 1005 1618 2266 1529 2526 1744 1707 440 3120 1750 1622 1335 2687 1042 1702 1090 638 2062 303 1283 2335 2053 2490 2391 2471 3108 1041 1829 3763 2376 1038 1303 2464 1479 1695 2625 2163 1710 1814 
6569 1415 2446 0.0 2386 2309 1795 2831 0.0 2069 2797 2280 2229 1867 581 2458 841 2505 2654 2487 1896 3385 1273 2970 1468 2082 1934 1858 2102 2374 2448 1547 330 3688 1080 1037 422 773 2675 3369 1423 438 2649 1803 191 2038 832 2955 970 3344 2097 
4809 1772 686 2336 0.0 1173 1456 924 2336 1568 1037 1540 1489 1069 2224 651 2485 2228 829 1127 2553 1287 1730 1210 3111 1525 2073 617 1122 2368 990 1390 2178 1928 2449 1951 2430 3067 916 1188 3605 2335 397 1195 2306 1620 1538 1747 1926 1585 2121 
5104 1703 993 2266 1297 0.0 1006 1812 2266 774 1112 646 595 1708 2039 1776 2299 1335 1954 264 2893 1700 1395 1285 2277 632 1292 1220 235 1652 338 1055 2108 2289 2263 2138 2244 2881 990 2076 3535 2149 1285 1076 2236 1100 1468 2872 1935 1659 1404 
6151 1217 1875 1792 1877 1339 0.0 2321 1792 863 2287 1074 1023 1426 1114 1947 1375 1439 2125 1541 2527 2876 471 2461 2002 876 779 1370 1155 1308 1502 341 1332 3336 1339 1821 1320 1957 2166 2858 2951 1225 2139 597 1594 833 982 2601 1741 2835 1031 
5142 1668 1019 2232 332 1506 1549 0.0 2232 1662 1369 1872 1821 931 2120 317 2381 2560 495 1460 2415 1485 1813 1543 3008 1636 2118 480 1454 2462 1322 1435 2074 2261 2345 1813 2326 2963 1248 1228 3501 2231 595 1206 2202 1714 1434 1413 1789 1917 2214 
6569 1415 2446 0.0 2386 2309 1795 2831 0.0 2069 2797 2280 2229 1867 581 2458 841 2505 2654 2487 1896 3385 1273 2970 1468 2082 1934 1858 2102 2374 2448 1547 330 3688 1080 1037 422 773 2675 3369 1423 438 2649 1803 191 2038 832 2955 970 3344 2097 
5550 1494 1686 2069 1664 805 277 2190 2069 0.0 2102 473 422 1523 1391 1816 1652 1228 1994 1070 2804 2691 748 2276 2279 335 749 1238 760 1119 1143 439 1609 2735 1616 2098 1597 2234 1981 2727 3228 1502 1927 695 1871 371 1259 2912 2018 2830 871 
3772 2245 477 2808 1164 1168 1928 1668 2808 1662 0.0 1534 1483 1731 2697 1642 2957 2222 1820 918 3106 588 2202 173 3584 1519 2180 1203 1116 2539 781 1862 2650 891 2921 2504 2902 3539 121 1931 4078 2807 1140 1667 2779 2093 2010 2738 2480 547 2292 
5412 1621 1699 2197 1781 800 404 2274 2197 127 2115 0.0 192 1651 1519 1901 1780 831 2078 1065 2932 2703 875 2288 1702 354 716 1323 772 1076 1138 566 1737 2597 1743 2226 1724 2362 1994 2782 3356 1630 1991 822 1998 362 1387 2996 2145 2692 828 
5377 1613 1513 2329 1588 632 536 2082 2329 178 1929 51 0.0 1618 1651 1708 1912 806 1886 897 3064 2518 1007 2103 1749 161 763 1130 587 1123 970 696 1869 2562 1685 2358 1857 2494 1808 2597 3488 1762 1806 911 2130 413 1378 2804 1846 2657 876 
5513 1279 1390 1843 1273 1691 1417 1047 1843 1529 1741 1740 1689 0.0 1731 674 1992 2276 813 1831 2026 2329 1424 1914 2619 1504 1943 642 1484 2472 1694 1284 1685 2632 1956 1424 1937 2574 1620 1574 3112 1842 1303 1074 1813 1582 1045 1316 1400 2289 2194 
6444 1465 2322 677 2262 1963 1214 2707 677 1487 2672 1698 1647 1743 0.0 2333 260 1924 2530 2165 2219 3261 692 2845 887 1500 1353 1733 1779 1793 2126 965 541 3563 499 1360 205 842 2551 3244 1836 326 2524 1221 748 1457 1230 2849 1293 3220 1516 
5515 1403 1393 2546 706 1880 1923 373 2546 2035 1743 2246 2195 703 2434 0.0 2695 2934 177 1833 2150 1612 2127 1916 3321 2010 2492 853 1828 2836 1696 1809 2388 2634 2659 1609 2640 3277 1622 910 2901 2545 628 1580 2516 2088 1748 1095 1585 2291 2588 
6945 1942 2799 890 2739 2440 1691 3184 890 1964 3149 1823 1850 2220 477 2810 0.0 1663 3007 2642 2568 3738 1169 3323 626 1977 1191 2211 2256 1532 2603 1443 835 4041 238 1708 418 1055 3028 3721 2049 804 3002 1699 1057 1934 1503 3326 1641 3697 1255 
5681 2339 2108 2609 2314 1139 1103 2808 2609 826 2524 699 725 2344 2195 2434 1883 0.0 2612 1404 3460 3112 1404 2697 1632 887 806 1856 1181 594 1477 1266 2553 2865 1568 2754 2136 2773 2403 3191 3767 2223 2400 1521 2775 957 2104 3530 2674 2961 605 
5693 1581 1570 2724 884 2057 2101 551 2724 2213 1921 2424 2373 881 2612 177 2873 3112 0.0 2011 1972 1868 2305 2094 3499 2188 2670 1031 2006 3014 1874 1987 2565 2812 2837 1787 2818 3455 1800 1019 3079 2723 806 1758 2694 2266 1926 917 1763 2469 2766 
4864 1854 743 2417 1271 276 1219 1786 2417 987 951 859 808 1838 2190 1749 2450 1547 1927 0.0 3044 1539 1546 1124 2490 845 1505 1310 447 1864 177 1206 2259 1842 2414 2289 2395 3032 830 2050 3686 2300 1259 1227 2387 1313 1619 2845 2086 1499 1617 
6971 1255 2849 1902 2681 2853 2647 2349 1902 2921 3199 3132 3081 1456 2188 1975 2448 3408 1976 3031 0.0 3475 2087 3373 3075 2934 2748 2100 2646 3277 2992 2399 1744 4091 2403 849 2324 2447 3078 1990 2141 1851 2604 2236 1872 2890 1634 1058 1099 3747 3000 
4223 2815 1105 3379 1196 1796 2499 1699 3379 2290 870 2162 2111 2302 3267 1848 3528 2850 2026 1546 3676 0.0 2773 841 4154 2148 2808 1773 1744 3168 1409 2433 3221 1425 3492 3074 3473 4110 749 1641 4648 3378 1172 2238 3349 2663 2581 2572 3050 1050 2920 
6172 1190 1895 1386 1897 1359 610 2342 1386 883 2308 1094 1043 1469 709 1968 969 1320 2146 1561 2056 2896 0.0 2481 1596 896 661 1390 1175 1189 1522 362 926 3356 933 1350 914 1551 2186 2879 2545 819 2160 618 1188 853 956 3115 1269 2855 912 
3598 2418 651 2982 1337 1341 2101 1841 2982 1835 173 1707 1656 1904 2870 1815 3131 2396 1993 1091 3279 761 2375 0.0 3757 1693 2353 1376 1290 2713 954 2036 2823 717 3095 2677 3076 3713 294 2105 4251 2981 1314 1841 2952 2266 2184 2911 2653 374 2465 
7183 2658 3515 1607 3455 2572 1799 3901 1607 1984 3866 2061 2088 2937 1193 3527 881 1901 3724 2836 3284 4454 1886 4039 0.0 2081 1429 2927 2973 1770 3320 2159 1552 4368 1013 2424 1135 1772 3745 4438 2766 1520 3718 2415 1773 1875 2220 4043 2358 4414 1493 
5538 1451 1377 2167 1426 640 374 1920 2167 250 1793 461 410 1456 1489 1546 1750 1216 1724 904 2902 2381 846 1966 2376 0.0 846 968 594 1216 978 534 1707 2723 1713 2196 1695 2332 1671 2457 3326 1600 1669 749 1968 468 1216 2642 1684 2341 969 
5754 1699 1883 2313 1894 1142 482 2420 2313 554 2305 632 658 1728 1597 2046 1587 657 2224 1407 3010 2893 953 2478 1337 651 0.0 1469 1114 711 1480 644 1815 2938 1273 2304 1841 2478 2183 2957 3472 1707 2157 900 2076 445 1464 3142 2223 3034 464 
4944 1277 821 1840 630 1308 1249 973 1840 1361 1172 1572 1521 662 1729 599 1989 2363 777 1262 2023 1760 1422 1345 2616 1336 1818 0.0 1257 2162 1125 1135 1682 2063 1953 1422 1934 2571 1051 1510 3109 1839 893 906 1810 1414 1042 1695 1397 1720 1914 
5450 1468 1027 2031 1332 207 852 1847 2031 701 1443 574 523 1473 1804 1563 2064 1262 1741 472 2658 2032 1160 1616 2205 559 1219 985 0.0 1579 545 820 1873 2334 2028 1903 2009 2646 1322 2110 3300 1914 1319 841 2001 1028 1233 2658 1700 1991 1331 
6412 2201 2718 2357 2580 1871 1164 3107 2357 1437 2983 1309 1336 2410 1944 2733 1631 610 2911 2135 3209 3571 1153 3793 1381 1498 686 2155 1792 0.0 2209 1325 2302 3597 1317 2503 1885 2522 2861 3802 3516 1972 3011 1581 2524 1131 1967 4268 2422 3692 484 
4546 1973 566 2537 1093 581 1357 1608 2537 1196 773 1069 1018 1661 2309 1572 2569 1757 1750 305 3163 1362 1665 947 2700 1054 1714 1133 651 2074 0.0 1326 2378 1665 2533 2434 2514 3152 652 1872 3806 2419 1081 1346 2507 1523 1738 2668 2206 1321 1826 
5809 1085 1533 1661 1535 997 248 1979 1661 521 1945 732 681 1084 983 1606 1243 1342 1784 1199 2396 2534 339 2119 1870 534 683 1028 813 1211 1160 0.0 1201 2994 1207 1690 1188 1825 1824 2517 2819 1093 1798 255 1462 491 850 2469 1609 2493 934 
6404 1251 2282 423 2222 2181 1432 2667 423 1705 2632 1916 1865 1703 443 2293 703 2367 2490 2383 1732 3221 910 2806 1330 1718 1571 1693 1997 2236 2344 1183 0.0 3524 658 872 648 968 2511 3204 1693 107 2485 1439 393 1675 668 2791 806 3180 1959 
2880 3136 1369 3700 2055 2059 3093 2559 3700 2861 891 2733 2682 2622 3588 2533 3849 3098 2711 1809 3997 1479 3093 717 4252 2719 3267 2094 2008 3600 1672 2754 3541 0.0 3812 3395 3794 4431 1012 2239 4969 3699 2032 2559 3670 3089 2902 3629 3371 343 3379 
6667 1688 2545 1117 2485 2186 1437 2930 1117 1710 2895 1663 1690 1966 439 2556 416 1503 2753 2388 2443 3484 915 3069 717 1723 1031 1956 2002 1372 2349 1189 657 3787 0.0 1583 645 1282 2774 3467 2276 550 2748 1445 1187 1680 1453 3072 1516 3443 1095 
6401 454 2278 1135 2188 2142 1880 1855 1135 2153 2629 2364 2313 963 1420 1482 1681 2641 1621 2319 853 3217 1320 2802 2307 2166 1981 1607 1934 2510 2281 1632 977 3520 1635 0.0 1557 1679 2508 2382 1543 1084 2111 1888 1105 2123 866 1911 280 3177 2232 
6603 1624 2481 472 2421 2122 1373 2866 472 1646 2831 1857 1806 1902 159 2492 419 2083 2689 2324 2344 3420 851 3004 1046 1659 1512 1892 1938 1952 2285 1125 517 3722 658 1484 0.0 637 2710 3403 1631 486 2683 1380 638 1616 1279 3402 1417 3379 1675 
7242 2051 3120 740 3060 2761 2012 3505 740 2285 3470 2496 2445 2541 798 3131 1058 2722 3328 2963 2532 4059 1490 3644 1685 2298 2151 2532 2577 2591 2924 1764 1138 4362 1297 1672 639 0.0 3349 4042 993 1125 3323 2020 826 2255 1467 3590 1605 4018 2314 
3893 2124 356 2687 1042 1046 1807 1546 2687 1540 121 1413 1362 1610 2576 1521 2836 2101 1699 797 2985 709 2081 294 3463 1398 2058 1082 995 2418 660 1741 2529 1012 2800 2383 2781 3418 0.0 1810 3956 2686 1019 1546 2657 1972 1889 2617 2358 669 2171 
5867 2314 1866 3170 1179 2353 2487 938 3170 2600 1976 2720 2669 1614 3059 910 3319 3408 1019 2307 1986 1485 2752 1948 3946 2575 3057 1418 2302 3400 2170 2374 3012 3070 3283 2520 3264 3901 1855 0.0 3812 3169 778 2145 3141 2652 2372 931 2496 2322 3153 
7538 1982 3416 1191 3356 3279 2947 3058 1191 3220 3766 3431 3380 2165 1732 2684 1993 3657 2824 3457 2055 4355 2425 3940 2620 3233 3086 2828 3071 3526 3418 2698 1473 4658 2232 1558 1573 1045 3645 3585 0.0 1580 3313 2954 1161 3190 1802 3114 1808 4314 3249 
6555 1358 2432 531 2372 2073 1324 2817 531 1598 2783 1809 1758 1853 326 2444 587 2251 2640 2275 1839 3371 802 2956 1214 1611 1463 1844 1890 2120 2237 1076 107 3674 551 980 532 1075 2661 3355 1800 0.0 2635 1332 501 1567 775 2898 913 3330 1843 
4951 2174 1088 2737 401 1575 1857 527 2737 1970 1439 1941 1890 1445 2626 741 2886 2630 919 1529 2776 1009 2131 1612 3513 1927 2475 1007 1524 2770 1392 1791 2579 2330 2850 2351 2831 3468 1317 790 4007 2736 0.0 1596 2708 2022 1939 1722 2327 1986 2522 
5462 823 1339 1386 1279 1118 844 1723 1386 956 1689 1167 1116 828 1275 1350 1535 1703 1528 1296 2013 2278 968 1863 2162 931 1412 772 911 1757 1258 730 1228 2581 1499 1258 1480 2117 1568 2261 2655 1385 1542 0.0 1356 1009 588 2150 1055 2237 1509 
6599 1445 2476 29 2416 2339 1825 2861 29 2098 2826 2309 2258 1897 611 2487 871 2535 2684 2517 1926 3415 1303 3000 1498 2111 1964 1888 2131 2404 2478 1577 360 3718 1110 1067 452 803 2705 3398 1452 468 2679 1833 0.0 2068 862 2985 1000 3374 2127 
5647 1649 1834 2225 1845 1036 432 2371 2225 504 2255 525 552 1679 1547 1997 1623 694 2175 1300 2960 2844 904 2428 1373 602 378 1419 1008 747 1374 595 1765 2832 1309 2254 1753 2390 2134 2908 3384 1658 2107 851 2026 0.0 1415 3093 2173 2927 500 
5736 583 1614 798 1554 1477 1076 1999 798 1350 1964 1561 1510 1035 1083 1625 1343 2147 1822 1655 1660 2553 969 2137 1970 1289 1487 1025 1269 2016 1616 828 639 2855 1298 669 1220 1342 1843 2536 2067 747 1816 859 768 1319 0.0 2141 467 2512 1739 
6799 1796 2488 2957 1802 2975 2628 1469 2957 2662 2839 2873 2822 1132 3243 1095 3503 4463 917 2929 1054 2416 3142 3012 4129 2637 3803 1949 2616 4332 2792 2380 2799 3730 3458 1904 3379 3501 2718 931 3175 2906 1709 2207 2927 2714 2140 0.0 2154 3387 4055 
6160 324 2037 955 1977 1901 1500 2044 955 1774 2388 1984 1933 1151 1240 1670 1501 2829 1810 2078 1041 2976 1508 2561 2127 1713 2169 1449 1693 2698 2040 1252 797 3279 1455 188 1377 1499 2267 2571 1731 904 2299 1283 925 1743 423 2100 0.0 2936 2421 
3224 2793 1025 3356 1712 1715 2476 2215 3356 2209 547 2082 2031 2279 3245 2190 3505 3016 2368 1466 3654 1136 2750 374 4132 2067 3185 1751 1664 3518 1329 2410 3198 343 3469 3052 3450 4087 669 2479 4625 3355 1688 2215 3326 2641 2558 3286 3027 0.0 3297 
5955 2006 2085 2162 2096 1344 683 2622 2162 756 2506 833 860 1930 1749 2248 1436 441 2426 1608 3014 3095 958 2679 1186 853 201 1670 1316 495 1682 846 2107 3140 1122 2308 1690 2327 2385 3159 3321 1777 2358 1102 2329 647 1772 4073 2227 3236 0.0 
