-1.60132 47.2263 -1.6021478 47.2257719 302945469
1
100 
50
68 10 7 12 -1.52956 47.2082 -1.529853 47.208173 272118332
42 5 14 17 -1.5687 47.2118 -1.5693164 47.2117256 296394114
5 10 7 10 -1.55938 47.2096 -1.5589808 47.209511 292328153
11 10 7 10 -1.5615 47.2161 -1.5616536 47.2162743 294029948
29 10 9 12 -1.55485 47.206 -1.554683 47.2055538 1549955484
39 5 7 12 -1.54836 47.2208 -1.5487105 47.2205479 336121942
4 10 16 20 -1.56611 47.2041 -1.56588 47.2041241 2870930675
7 5 7 10 -1.56413 47.2077 -1.5642872 47.2076335 279634901
8 5 9 12 -1.57028 47.2094 -1.5704088 47.2094668 303614872
32 10 7 10 -1.54941 47.2233 -1.5495633 47.2237145 302423467
20 5 14 17 -1.55754 47.2206 -1.557133 47.2207131 257080492
25 5 6 9 -1.53578 47.2156 -1.5355947 47.2156249 1556271482
17 10 9 12 -1.55091 47.2102 -1.5504649 47.2095098 292842827
29 5 12 14 -1.5652 47.2223 -1.5651534 47.2221917 287952526
37 5 7 10 -1.54522 47.2111 -1.5450286 47.2111413 293255550
14 5 7 10 -1.56519 47.2126 -1.5649336 47.2122435 296394115
6 10 7 10 -1.55551 47.2238 -1.5557601 47.2241367 617529904
42 5 7 12 -1.57388 47.2203 -1.5735501 47.220331 286359236
14 5 12 14 -1.5604 47.2223 -1.5601419 47.2222792 287952517
55 5 6 9 -1.54919 47.2247 -1.5492844 47.2248002 302423356
43 5 14 17 -1.55453 47.2072 -1.5550787 47.2073172 1550785745
27 5 16 20 -1.55489 47.2068 -1.5549024 47.2065155 359206256
23 5 9 12 -1.53969 47.2142 -1.5398776 47.2144055 1556271466
25 5 9 12 -1.56071 47.2152 -1.5608376 47.2154911 3164616065
16 10 14 17 -1.57034 47.227 -1.5703698 47.2267284 286348515
7 5 6 9 -1.549 47.2101 -1.5489078 47.2100021 292734490
9 10 7 10 -1.56132 47.2186 -1.5609282 47.2188688 287431452
8 5 12 14 -1.56035 47.2192 -1.5602503 47.2193312 1557675631
32 10 7 10 -1.53871 47.2029 -1.5377468 47.2025022 652575505
3 10 7 10 -1.54525 47.2202 -1.5451166 47.2202201 1559771676
14 10 6 9 -1.55137 47.2108 -1.5516039 47.2109427 292734442
33 10 9 12 -1.56437 47.2185 -1.5636429 47.2186631 287727486
1 5 9 12 -1.57071 47.2101 -1.5705622 47.2099033 664236546
34 10 6 9 -1.55232 47.22 -1.5524526 47.2200328 1560163045
4 5 12 14 -1.5627 47.222 -1.5625946 47.2218498 3273097435
10 5 12 14 -1.53214 47.2074 -1.5325875 47.2072056 3124171368
6 10 9 12 -1.53636 47.2218 -1.5361017 47.2215143 297686608
30 10 14 17 -1.56576 47.2145 -1.5655597 47.2144118 296394098
9 5 7 10 -1.56532 47.2222 -1.5651534 47.2221917 287952526
10 5 7 12 -1.57379 47.2103 -1.57364 47.2105639 309249474
37 10 7 12 -1.5702 47.2082 -1.5706793 47.207927 301897560
17 10 7 10 -1.55399 47.2283 -1.5538522 47.2282436 290941808
8 5 6 9 -1.55132 47.2057 -1.550613 47.2057178 360242865
3 5 7 12 -1.55432 47.2294 -1.554468 47.2294378 290027759
13 5 7 12 -1.53734 47.2143 -1.5373496 47.2142184 1942485302
42 10 7 10 -1.56716 47.2115 -1.5672217 47.2114567 316141624
13 10 7 12 -1.54125 47.2163 -1.5411982 47.2160531 279635094
12 5 16 20 -1.55835 47.2167 -1.5572152 47.2175279 3383262061
15 10 16 20 -1.55588 47.2171 -1.5555502 47.2171345 2483837221
19 10 16 20 -1.56523 47.2185 -1.5653143 47.2185256 3157800969
0.0 658 347 420 359 478 529 439 381 304 505 409 576 491 336 525 383 437 238 423 488 464 470 558 346 284 512 356 365 611 519 469 336 312 458 376 672 604 329 336 281 339 442 498 434 567 369 559 409 408 331 
643 0.0 345 234 328 171 327 239 267 334 360 363 139 163 428 154 324 447 445 443 375 185 179 143 315 450 183 352 357 120 281 185 369 331 345 396 19 227 352 428 348 330 474 148 461 126 332 172 294 286 384 
359 372 0.0 134 157 195 341 153 94 65 339 231 290 230 227 238 114 346 195 269 322 184 191 271 144 208 226 179 187 324 313 226 171 57 261 222 385 398 107 227 74 93 373 212 380 281 62 301 194 201 186 
429 245 127 0.0 123 64 276 133 118 120 286 190 155 96 236 104 107 300 229 252 273 50 57 137 110 234 92 160 165 215 241 109 172 117 198 204 259 287 136 236 134 116 327 94 334 146 98 166 136 139 187 
386 378 136 148 0.0 197 239 241 183 153 215 107 304 206 113 253 107 221 135 147 198 183 189 281 65 140 227 54 63 348 234 184 49 145 167 100 392 319 49 113 157 181 249 227 255 295 139 274 124 123 64 
472 189 173 62 168 0.0 288 68 95 163 297 232 209 96 281 148 152 315 274 297 289 14 7 191 155 279 116 205 210 150 246 114 217 160 214 249 203 305 181 281 176 158 342 29 349 200 161 203 162 154 232 
519 367 284 223 196 233 0.0 301 306 301 91 111 254 203 216 227 225 194 289 194 93 218 225 257 183 270 224 154 146 359 41 181 194 293 62 162 373 127 235 216 313 304 199 263 169 266 256 271 101 104 210 
482 272 183 158 263 95 383 0.0 105 173 393 327 292 179 356 231 225 411 332 392 385 110 103 274 250 337 199 300 306 224 342 201 297 170 309 345 285 401 233 356 186 168 438 112 445 283 173 299 258 250 313 
405 293 106 120 191 107 366 75 0.0 96 376 279 276 175 279 225 148 393 255 319 366 93 99 258 178 260 195 228 237 245 325 192 221 93 292 272 307 384 157 279 109 92 420 134 427 267 96 282 228 233 236 
319 354 43 116 159 178 344 135 77 0.0 346 238 272 213 233 221 116 352 201 276 328 167 173 253 146 214 209 185 194 306 315 208 177 7 263 228 368 400 113 233 24 35 380 194 386 263 65 283 197 204 193 
520 405 327 274 231 298 71 367 354 344 0.0 127 292 269 233 298 267 156 305 210 15 284 291 327 231 287 289 171 162 424 113 247 211 335 91 178 411 165 251 233 352 353 132 328 101 316 298 337 142 154 226 
439 374 204 194 104 230 132 298 250 220 108 0.0 288 200 120 239 182 114 191 113 90 215 222 269 109 188 220 43 34 355 143 178 83 212 59 74 387 229 124 120 224 248 141 259 148 279 213 268 73 85 99 
588 140 285 158 267 186 252 254 275 279 285 301 0.0 123 367 79 260 384 381 382 282 182 187 35 254 386 120 290 296 224 207 145 308 276 274 335 147 132 288 367 292 274 399 163 368 24 256 54 233 225 323 
524 173 221 94 164 82 256 150 171 215 265 200 141 0.0 265 68 180 283 299 280 257 78 83 122 151 304 20 188 193 155 214 21 205 212 181 233 187 273 208 265 228 210 310 59 317 132 192 150 130 122 221 
342 421 218 222 132 271 238 323 264 235 214 106 354 247 0.0 315 197 204 96 117 197 257 263 322 138 95 268 63 71 403 250 226 63 226 166 70 435 336 138 0.0 238 262 227 301 234 345 228 315 166 164 62 
531 175 228 101 218 129 214 198 218 222 248 254 78 67 320 0.0 203 338 325 335 263 125 131 60 205 330 47 243 248 174 169 89 260 219 236 287 182 210 231 320 236 218 365 107 349 69 200 90 185 177 275 
384 348 59 118 104 167 289 164 106 76 297 192 274 195 206 223 0.0 306 182 247 280 153 159 255 91 187 211 156 165 317 260 174 148 68 208 199 361 346 84 206 88 104 333 197 340 265 31 263 142 149 164 
485 437 298 269 198 293 137 361 344 315 113 94 351 263 199 302 262 0.0 272 159 96 279 285 333 204 236 284 137 129 419 171 242 177 306 112 145 451 246 218 199 318 342 167 323 172 342 293 331 137 149 193 
290 421 158 191 120 240 302 262 204 166 278 170 347 253 98 296 145 267 0.0 185 261 225 232 328 107 78 274 118 126 390 280 231 98 157 229 138 434 366 91 98 169 201 273 270 280 338 171 321 171 169 93 
423 414 225 215 125 264 195 330 271 242 171 63 347 240 102 303 204 178 175 0.0 154 250 256 315 131 162 261 65 56 396 207 219 102 234 123 48 428 293 145 102 245 269 205 294 212 338 235 308 137 149 118 
505 390 325 272 229 296 69 365 352 341 17 125 277 267 231 290 265 141 303 204 0.0 282 288 312 229 272 287 169 160 422 105 245 209 333 89 176 396 150 249 231 349 350 116 326 86 301 296 331 140 152 224 
478 204 175 48 153 14 273 82 93 169 283 217 195 82 266 134 138 301 259 282 274 0.0 6 177 140 264 102 190 196 164 232 99 202 166 199 235 217 291 166 266 182 164 328 44 335 186 147 189 148 140 218 
480 197 181 55 160 7 280 76 99 171 290 224 201 88 273 141 144 307 266 289 281 6 0.0 183 147 271 109 197 202 158 238 106 209 168 206 242 211 298 173 273 184 166 335 37 341 192 153 195 154 147 224 
567 140 265 138 239 166 231 234 255 258 265 274 43 103 340 59 239 358 361 355 280 162 167 0.0 226 366 99 263 268 204 186 125 280 255 254 307 146 175 268 340 272 254 385 143 366 34 236 37 205 197 295 
399 319 149 117 13 166 201 234 196 166 211 103 251 145 126 213 105 217 148 160 193 151 158 220 0.0 153 166 67 76 301 172 123 62 158 121 113 332 258 62 126 170 194 244 196 251 242 136 213 63 62 77 
292 476 213 246 176 295 281 317 259 221 257 181 402 308 88 351 200 189 55 184 240 281 287 383 163 0.0 329 151 159 445 294 286 152 212 209 158 489 379 146 88 224 256 194 325 201 393 226 376 224 224 139 
578 223 275 148 202 136 262 204 225 268 296 238 126 73 303 47 218 321 337 318 295 132 137 108 189 342 0.0 226 232 209 217 59 243 265 220 271 229 258 247 303 282 264 348 113 355 117 246 137 168 161 259 
400 358 160 159 69 208 184 265 206 177 160 52 291 184 80 252 139 167 150 95 143 194 200 259 75 154 205 0.0 8 340 196 163 40 169 112 48 372 282 80 80 180 204 194 238 201 282 170 252 103 101 55 
405 367 169 168 78 217 176 274 215 186 152 44 299 193 85 261 148 158 157 100 134 203 209 268 83 159 214 8 0.0 349 187 171 48 177 103 53 380 273 89 85 189 213 185 247 192 290 179 261 111 110 64 
613 123 315 204 309 141 330 209 237 304 364 345 194 145 410 158 294 428 415 425 379 155 149 176 296 420 165 333 338 0.0 285 166 350 301 327 378 136 326 322 410 318 300 455 130 462 185 302 206 275 267 366 
564 330 329 242 241 251 45 320 330 346 78 156 223 222 261 185 270 235 334 239 94 237 243 215 228 315 232 199 191 330 0.0 200 239 338 107 207 337 97 280 261 358 342 210 281 180 225 301 243 146 149 255 
524 195 218 110 142 104 234 172 193 215 244 178 162 21 243 89 158 261 278 258 235 100 105 136 129 282 42 166 172 177 192 0.0 183 212 160 211 208 252 187 243 228 210 289 81 295 153 190 128 108 101 199 
367 396 183 198 107 246 236 288 229 191 212 104 329 222 64 291 164 202 116 115 194 232 238 297 113 121 243 58 67 378 247 201 0.0 183 163 68 410 333 106 64 194 226 225 276 231 320 195 290 141 139 15 
315 363 51 125 159 186 348 144 85 8 338 230 280 221 226 229 125 344 194 268 321 175 182 262 146 206 217 177 186 315 319 216 169 0.0 267 221 376 404 105 226 20 43 372 203 379 271 73 291 205 208 185 
480 358 261 202 172 217 113 285 282 278 123 72 261 187 177 212 201 155 250 155 122 202 209 243 159 231 207 115 107 342 84 165 155 269 0.0 123 364 170 196 177 290 280 183 246 189 252 232 255 77 80 171 
375 411 208 213 122 261 226 313 254 225 202 96 344 237 54 306 187 134 126 47 185 247 253 312 128 114 258 53 61 393 239 216 54 216 154 0.0 425 324 128 54 228 252 157 291 163 335 218 305 156 154 69 
624 39 325 215 308 152 307 220 247 315 341 344 148 144 409 135 304 427 426 424 356 166 160 143 295 431 164 332 338 100 262 166 349 312 326 377 0.0 261 333 409 328 311 455 129 442 127 313 173 274 267 365 
640 239 412 285 325 313 130 381 401 405 164 242 126 250 347 206 353 292 419 324 150 308 314 162 312 401 246 285 276 347 101 271 325 402 193 293 246 0.0 366 347 419 401 267 290 236 150 383 181 232 234 341 
381 350 103 120 83 169 272 208 150 120 277 169 276 197 167 225 65 283 143 207 260 155 161 258 70 148 213 116 125 319 243 176 108 112 191 160 363 328 0.0 167 126 148 311 199 317 267 96 265 134 132 124 
342 421 218 222 132 271 238 323 264 235 214 106 354 247 0.0 315 197 204 96 117 197 257 263 322 138 95 268 63 71 403 250 226 63 226 166 70 435 336 138 0.0 238 262 227 301 234 345 228 315 166 164 62 
295 377 66 139 165 200 354 158 100 22 345 237 295 235 225 244 139 351 180 267 327 190 196 276 152 206 232 184 193 329 325 231 169 30 273 220 390 411 112 225 0.0 57 377 217 384 286 87 306 216 214 184 
342 385 87 147 203 208 388 166 108 43 384 276 303 243 271 252 160 391 227 314 367 198 204 284 190 252 240 224 232 337 359 239 215 51 307 266 399 431 152 271 46 0.0 418 225 425 294 108 314 240 248 231 
450 479 337 311 237 335 192 403 383 354 168 136 393 305 214 344 303 80 266 143 151 321 327 375 242 211 326 176 167 461 226 284 214 345 164 160 493 301 257 214 357 381 0.0 365 30 384 335 373 179 191 229 
495 159 196 85 190 22 310 91 118 186 320 254 179 66 303 118 175 338 296 319 311 37 30 161 177 301 87 227 233 141 269 88 239 183 236 272 173 311 203 303 199 181 365 0.0 372 170 183 191 185 177 255 
419 497 354 329 254 353 210 421 401 371 183 153 402 323 206 362 321 98 241 161 166 338 345 392 260 186 343 194 185 478 244 301 231 363 182 177 510 275 274 206 375 399 30 382 0.0 402 352 391 196 208 247 
582 125 279 152 260 180 245 248 269 272 279 294 21 117 361 73 253 378 375 376 294 176 181 29 247 380 113 284 290 204 200 139 301 269 268 329 132 153 282 361 286 268 405 157 380 0.0 250 48 226 219 317 
352 352 28 114 137 175 321 133 74 45 330 224 269 210 224 218 94 338 201 265 312 164 171 251 124 205 206 174 183 304 292 205 166 37 240 218 365 378 102 224 57 72 366 192 373 260 0.0 280 174 181 182 
593 165 290 163 227 191 220 259 280 283 254 263 57 128 328 84 243 346 363 343 269 187 192 26 214 368 124 251 257 229 175 129 269 280 243 296 171 189 272 328 297 279 374 168 355 48 261 0.0 193 186 284 
486 300 184 132 102 156 156 224 212 201 155 81 232 126 186 194 124 164 235 163 138 142 148 201 89 240 147 124 115 282 127 105 147 193 70 132 313 213 142 186 213 210 191 186 198 223 156 194 0.0 29 162 
485 322 212 159 129 178 145 246 239 228 151 77 253 148 182 204 152 160 254 160 134 164 170 223 116 236 169 120 111 304 116 127 160 220 59 128 335 201 170 182 240 237 187 208 194 244 183 216 27 0.0 176 
351 417 168 201 128 250 257 272 214 176 233 125 350 244 62 306 155 223 100 136 215 236 242 318 118 105 264 79 88 399 269 222 52 167 184 89 431 354 101 62 179 211 246 280 253 341 181 311 162 160 0.0 
0.0 7456 3993 4613 4092 5299 5532 4841 4284 3632 5368 4452 6746 5207 3637 5963 4180 4590 2768 4260 5222 5100 5190 6465 3984 3119 5365 4021 4095 6976 5423 5026 3859 3701 4938 3945 7638 6320 3824 3637 3346 3924 4578 5636 4834 6595 4173 5925 4516 4496 3593 
7932 0.0 3812 2808 3391 2116 3177 3003 3162 3725 3460 3655 1430 2017 4225 1744 3573 4523 5060 4247 3623 2314 2224 1255 3284 5199 2129 3583 3630 1142 2802 2198 3727 3705 3505 3933 237 2153 3815 4225 3933 3688 4811 1799 4341 1057 3627 1592 3117 3012 3856 
4441 3962 0.0 1118 1207 1909 2717 1347 789 550 2959 2021 3251 2269 2131 2469 807 3146 1693 2172 2813 1629 1719 2970 1099 2250 2181 1589 1663 3482 2476 1932 1452 476 2041 1857 4143 3373 961 2131 621 775 3434 2142 3491 3100 519 3307 1484 1549 1582 
5212 2675 1057 0.0 1001 709 2276 1596 983 1005 2360 1546 2132 1150 1945 1350 853 2668 2340 1955 2311 510 600 1851 893 2479 1062 1291 1338 2545 2049 956 1410 985 1650 1640 3034 3247 1094 1945 1213 968 2956 1124 3013 1982 818 2189 1100 1157 1540 
4526 3825 1140 1215 0.0 1859 1992 2082 1524 1285 1828 889 3348 1726 944 2566 838 2015 1569 1128 1682 1660 1750 2592 544 1708 1884 458 532 3695 1942 1545 408 1211 1386 813 4006 2839 384 944 1406 1510 2303 2274 2360 3197 1031 2445 1036 1015 538 
5815 2235 1695 692 1605 0.0 2641 887 1046 1609 2725 2165 2296 974 2549 1360 1457 3032 2944 2559 2676 198 108 2015 1497 3083 1086 1895 1942 1836 2323 1230 2014 1588 2014 2244 2416 2820 1698 2549 1817 1572 3321 415 3377 2145 1510 2129 1626 1522 2144 
5803 3516 2212 1879 1606 2186 0.0 3073 2506 2356 759 928 2354 1681 1792 1890 1780 1796 2573 1803 812 1988 2078 2287 1498 2813 1839 1290 1217 3567 347 1500 1623 2282 518 1338 3646 1244 1938 1792 2551 2492 1667 2602 1410 2418 1973 2399 842 853 1752 
5792 3245 1673 1886 2799 1193 3835 0.0 1023 1586 3919 3359 3361 2039 3371 2424 1875 4226 3351 3753 3869 1392 1302 3080 2691 3490 2151 3089 3135 2766 3517 2220 2623 1566 3208 3438 3427 4014 2061 3371 1794 1549 4514 1426 4571 3210 1587 3323 2820 2715 2753 
5004 3303 884 999 1486 966 3211 688 0.0 797 3295 2176 3132 1544 2583 2350 1086 3306 2563 2554 2949 768 858 2851 1378 2702 1656 1901 1975 2823 2893 1800 1834 777 2584 2240 3485 3390 1273 2583 1006 761 3594 1483 3651 2981 798 2699 1763 2091 1964 
4296 3824 361 981 1228 1772 2738 1209 652 0.0 3103 2164 3114 2131 2274 2331 829 3290 1837 2316 2957 1491 1581 2833 1120 2393 2044 1733 1807 3344 2497 1795 1596 69 2063 2001 4006 3385 1104 2274 298 292 3578 2004 3634 2963 541 3170 1506 1570 1725 
5559 3874 2587 2264 1931 2759 594 3646 2930 2732 0.0 1064 2712 2253 1928 2484 2155 1345 2710 1939 163 2561 2651 3148 1915 2950 2411 1427 1353 4140 942 2072 1759 2657 760 1475 4004 1602 2074 1928 3029 2915 1137 3174 880 2989 2349 2972 1188 1287 1889 
5132 3755 1699 1576 866 2186 1102 3073 2083 1843 938 0.0 2672 1681 1003 1993 1433 1125 1777 1132 792 1988 2078 2391 905 1594 1838 362 288 3567 1199 1499 694 1769 497 602 3936 2096 1010 1003 1964 2069 1413 2601 1470 2521 1626 2399 615 714 824 
7376 1421 3221 2164 2646 2264 2360 3151 2874 3169 2642 2769 0.0 1529 3479 926 2967 3636 4454 3502 2540 2106 2147 436 2538 4593 1442 2838 2885 2218 1985 1710 2981 3149 2520 3187 1551 1114 3208 3479 3377 3132 3514 1946 3274 276 2982 568 2371 2267 3111 
5998 2074 1843 786 1374 902 2114 1789 1512 1791 2198 1638 1556 0.0 2207 488 1500 2506 2944 2230 2149 744 785 1274 1266 3083 157 1566 1613 1886 1796 181 1709 1771 1488 1915 2255 2670 1742 2207 2000 1755 2794 584 2851 1405 1605 1429 1099 995 1839 
3803 4145 1819 1816 1107 2460 1990 2760 2203 1963 1826 888 3391 2071 0.0 2559 1584 1639 932 880 1680 2262 2352 2936 1146 984 2228 527 601 3957 2087 1889 534 1889 1385 565 4326 2984 1129 0.0 2084 2188 1870 2875 1926 3240 1777 2789 1380 1359 524 
6532 1700 2377 1320 2271 1420 1789 2307 2030 2325 2072 2122 929 685 2691 0.0 2123 2989 3610 2714 2235 1262 1303 648 2163 3749 331 2050 2096 1543 1414 866 2193 2305 1971 2399 1830 2043 2364 2691 2534 2288 3277 1103 2953 778 2138 985 1583 1478 2323 
4770 3513 432 904 795 1547 2305 1373 816 576 2404 1485 3037 1596 1835 2254 0.0 2616 1815 1807 2259 1349 1439 2756 687 1954 1967 1154 1228 3384 2064 1415 1087 502 1630 1492 3695 2961 525 1835 771 801 2904 1963 2960 2886 193 2314 1073 1137 1216 
5462 4286 2488 2223 1655 2718 1146 3605 2872 2633 981 789 3203 2212 1653 2525 2114 0.0 2434 1462 836 2519 2609 2922 1694 2473 2370 1151 1078 4098 1428 2031 1484 2559 934 1199 4468 2275 1799 1653 2754 2858 1394 3133 1434 3052 2308 2930 1146 1245 1613 
3386 4497 1633 1887 1323 2530 2787 2575 2017 1750 2622 1684 4020 2439 869 3238 1411 2805 0.0 1491 2477 2332 2422 3305 1216 897 2597 1252 1326 4367 2655 2258 1091 1676 2220 1177 4678 3552 1055 869 1687 2042 2792 2946 2849 3869 1747 3157 1748 1727 825 
4466 4084 1879 1756 1046 2399 1633 2820 2263 2023 1469 530 3330 2010 840 2524 1613 1656 1622 0.0 1323 2201 2291 2875 1085 1379 2168 542 468 3896 1729 1829 838 1949 1027 387 4266 2626 1190 840 2144 2248 1944 2815 2001 3179 1806 2728 1146 1244 967 
5395 3710 2605 2282 1949 2777 612 3664 2948 2750 145 1082 2549 2272 1946 2511 2173 1181 2728 1717 0.0 2579 2669 2985 1933 2525 2429 1445 1371 4158 969 2090 1777 2676 778 1493 3840 1439 2093 1946 3047 2933 974 3192 717 2825 2367 3117 1206 1305 1907 
5706 2433 1550 493 1407 198 2443 1085 768 1499 2527 1966 2098 775 2351 1161 1258 2834 2745 2361 2477 0.0 90 1816 1299 2884 888 1697 1743 2034 2125 1032 1815 1479 1816 2046 2615 2622 1500 2351 1707 1462 3122 613 3179 1947 1312 1931 1428 1323 1945 
5923 2343 1804 584 1497 108 2533 995 828 1717 2617 2057 2188 866 2441 1251 1348 2924 2836 2451 2567 90 0.0 1907 1389 2974 978 1787 1833 1944 2215 1122 1906 1697 1906 2136 2525 2712 1590 2441 1925 1680 3212 523 3269 2037 1402 2021 1518 1413 2035 
7067 1313 2912 1855 2236 1955 2051 2842 2565 2860 2333 2500 542 1220 3070 617 2658 3368 4145 3092 2496 1797 1838 0.0 2128 4283 1133 2428 2475 1909 1676 1401 2571 2840 2211 2778 1443 1656 2899 3070 3068 2823 3656 1637 3214 391 2673 363 1961 1857 2701 
4634 3297 1248 943 107 1587 1679 2474 1632 1392 1792 853 2543 1223 1052 1712 800 1978 1677 1236 1646 1388 1479 2088 0.0 1816 1381 566 640 3109 1439 1042 516 1318 1004 921 3479 2336 491 1052 1514 1618 2267 2002 2323 2393 994 1941 532 511 646 
3193 5262 2399 2653 2089 3296 2849 3340 2783 2516 2685 2015 4786 3205 780 4003 2177 1907 765 1857 2539 3098 3188 4070 1981 0.0 3363 1308 1382 5133 2957 3024 1315 2442 2255 1346 5444 3854 1821 780 2452 2808 1895 3712 1952 4635 2513 3923 2373 2493 1449 
6339 2031 2184 1127 1525 1243 2120 2130 1853 2133 2403 1789 1260 508 2359 331 1652 2657 3095 2381 2300 1085 1126 979 1417 3234 0.0 1717 1764 2227 1745 332 1860 2113 1639 2066 2161 2374 1893 2359 2341 2096 2945 926 3002 1109 1946 1316 1250 1146 1990 
4286 3617 1337 1289 579 1932 1534 2278 1721 1481 1369 431 2863 1543 668 2032 1101 1556 1692 691 1224 1734 1824 2409 618 1468 1701 0.0 73 3429 1630 1362 332 1407 928 376 3799 2527 647 668 1602 1706 1845 2348 1901 2713 1295 2261 852 832 462 
4333 3691 1410 1362 653 2006 1460 2352 1794 1554 1296 357 2937 1616 714 2105 1175 1483 1488 737 1150 1808 1898 2482 691 1514 1774 73 0.0 3503 1556 1435 405 1480 854 422 3872 2453 721 714 1675 1780 1771 2421 1827 2786 1369 2335 926 905 535 
7548 1169 3428 2425 3338 1732 2992 2620 2779 3341 3274 3259 2132 1621 3829 1558 3190 4127 4677 3851 3438 1931 1841 1851 3230 4816 1733 3187 3234 0.0 2617 1802 3330 3321 3109 3536 1351 3246 3431 3829 3550 3305 4415 1402 4472 1981 3243 2188 2720 2616 3460 
6178 2992 2587 2060 1981 2367 375 3254 2937 2731 657 1303 2102 1862 2167 1542 2155 2002 2948 2178 820 2169 2259 1940 1873 3188 1873 1665 1592 2834 0.0 1680 1998 2657 893 1713 3122 992 2313 2167 2927 2886 1795 2782 1538 2070 2349 2091 1217 1228 2128 
6038 2255 1751 969 1193 1083 1933 1970 1693 1831 2017 1457 1737 181 2026 669 1319 2325 2763 2049 1968 925 966 1395 1085 2901 338 1385 1431 2067 1615 0.0 1528 1811 1307 1734 2436 2112 1561 2026 2040 1795 2613 765 2669 1586 1513 1248 918 814 1658 
4179 3935 1691 1607 897 2251 1968 2632 2075 1808 1804 865 3182 1861 535 2350 1313 1617 1221 858 1658 2052 2143 2727 936 1360 2019 488 562 3748 2065 1680 0.0 1734 1363 543 4117 2961 858 535 1744 2100 1847 2666 1904 3031 1506 2580 1171 1150 129 
4267 3898 436 1055 1505 1846 3077 1283 726 74 3033 2094 3188 2205 2204 2405 903 3220 1767 2246 2887 1565 1656 2907 1397 2323 2118 1663 1737 3418 2837 1869 1526 0.0 2402 1931 4080 3734 1034 2204 269 366 3508 2078 3564 3037 615 3244 1580 1909 1655 
5455 3218 1993 1622 1387 2075 942 2963 2288 2138 1026 580 2447 1570 1444 1768 1561 1448 2226 1455 1022 1877 1967 2166 1279 2466 1728 943 869 3456 701 1389 1275 2064 0.0 991 3348 1598 1590 1444 2333 2273 1736 2491 1793 2296 1755 2288 624 635 1405 
4079 4061 1736 1733 1023 2377 2015 2677 2120 1880 1851 804 3308 1987 453 2476 1500 1073 1235 314 1705 2178 2269 2853 1062 992 2145 444 518 3874 2123 1806 451 1806 1421 0.0 4243 3020 1046 453 2001 2105 1304 2792 1361 3157 1694 2706 1297 1276 580 
7695 408 3575 2571 3154 1879 2940 2766 2925 3488 3223 3418 1313 1780 3988 1507 3336 4286 4823 4010 3386 2077 1987 1260 3046 4962 1892 3346 3393 905 2565 1961 3489 3468 3268 3696 0.0 2512 3578 3988 3696 3451 4574 1561 4103 1062 3390 1597 2880 2775 3619 
7262 2271 4331 3274 2672 3374 1272 4261 3529 4279 1554 2200 1110 2639 3064 2036 2846 2624 3845 3075 1426 2760 3257 1546 2564 4085 2552 2562 2489 3307 1031 2272 2895 4259 1790 2610 2401 0.0 3210 3064 4487 4242 2416 3056 2159 1386 4092 1678 2114 2125 3025 
4365 3485 760 875 636 1519 2208 1702 1144 905 2288 1350 3008 1568 1600 2226 362 2475 1580 1571 2142 1321 1411 2727 529 1719 1938 918 992 3356 1968 1387 851 830 1533 1257 3667 2865 0.0 1600 1097 1130 2763 1934 2820 2858 556 2286 1061 1041 981 
3803 4145 1819 1816 1107 2460 1990 2760 2203 1963 1826 888 3391 2071 0.0 2559 1584 1639 932 880 1680 2262 2352 2936 1146 984 2228 527 601 3957 2087 1889 534 1889 1385 565 4326 2984 1129 0.0 2084 2188 1870 2875 1926 3240 1777 2789 1380 1359 524 
3998 4110 647 1267 1752 2058 3324 1495 938 286 3280 2341 3400 2417 2352 2617 1115 3467 1723 2394 3134 1777 1868 3119 1645 2471 2330 1910 1984 3630 3084 2081 1674 355 2649 2079 4292 3981 1281 2352 0.0 578 3383 2290 3440 3249 827 3456 2177 2157 1804 
4457 4083 751 1239 1618 2030 3127 1468 910 389 3395 2456 3372 2390 2811 2590 1218 3582 2182 2853 3249 1750 1840 3091 1510 2930 2302 2025 2099 3603 2887 2054 2133 459 2452 2538 4264 3644 1396 2811 458 0.0 3870 2263 3926 3222 930 3428 1895 1960 2263 
4935 4806 2822 2743 1989 3237 1603 4125 3206 2966 1439 1309 3723 2732 1783 3045 2634 673 2782 1208 1293 3039 3129 3442 2028 2017 2890 1485 1411 4618 1885 2551 1780 2892 1548 1329 4988 2732 2132 1783 3087 3191 0.0 3653 256 3572 2827 3450 1666 1765 1910 
6133 1819 2013 1009 1923 317 2959 1204 1363 1926 3043 2482 1935 612 2867 998 1774 3350 3261 2877 2993 515 425 1654 1815 3400 725 2213 2259 1631 2641 794 2331 1906 2332 2562 2001 3049 2016 2867 2134 1889 3638 0.0 3695 1784 1828 1991 1944 1839 2461 
4678 4953 2968 2889 2135 3384 1750 4271 3352 3113 1566 1455 3409 2879 1762 3191 2780 819 2879 1355 1420 3186 3276 3588 2174 2114 3036 1631 1558 4765 2032 2697 1927 3039 1695 1476 5134 2299 2279 1762 3234 3338 256 3799 0.0 3719 2974 3597 1813 1912 2057 
7249 1119 3094 2037 2519 2138 2233 3024 2747 3042 2515 2642 251 1403 3353 799 2840 3510 4327 3375 2679 1979 2020 309 2411 4466 1315 2711 2758 1842 1858 1584 2854 3022 2393 3061 1249 1365 3082 3353 3251 3006 3798 1820 3396 0.0 2856 441 2244 2140 2984 
4576 3794 238 951 1039 1742 2549 1179 622 382 2649 1729 3084 2101 2136 2301 640 2860 2116 2108 2503 1461 1551 2803 931 2255 2014 1455 1529 3314 2308 1765 1388 308 1874 1793 3976 3205 826 2136 578 607 3148 1974 3204 2933 0.0 3140 1317 1381 1518 
7343 1589 3188 2131 2055 2232 1857 3118 2841 3136 2139 2319 590 1496 2889 893 2182 3187 3625 2911 2303 2073 2114 216 1947 3764 1409 2247 2294 2185 1482 1253 2390 3116 2017 2596 1719 1704 2423 2889 3345 3100 3475 1914 3020 440 2950 0.0 1780 1676 2520 
5328 3139 1399 1076 834 1571 1301 2458 1741 1543 1331 675 2385 1065 1539 1554 967 1542 2371 1550 1185 1372 1462 1931 726 2560 1223 1037 964 2951 1061 884 1210 1469 588 1085 3321 1958 1125 1539 1739 1727 1830 1986 1887 2235 1161 1783 0.0 241 1340 
5517 3285 1629 1306 1064 1717 1206 2604 1971 1773 1299 643 2383 1211 1507 1704 1197 1510 2288 1518 1154 1518 1608 2077 956 2528 1369 1005 932 3097 965 1030 1338 1699 492 1053 3467 1862 1355 1507 1968 1957 1799 2132 1855 2232 1390 1929 229 0.0 1467 
4049 4111 1561 1815 1074 2458 2144 2503 1945 1678 1980 1041 3358 2037 524 3166 1339 1793 1091 1034 1834 2260 2350 2903 1143 1230 2195 664 738 3924 2241 1856 439 1604 1539 719 4293 3137 983 524 1615 1970 2023 2874 2080 3207 1675 2756 1347 1326 0.0 
