-1.60404 47.1984 -1.6036873 47.1982372 573924254
1
100 
50
26 5 6 9 -1.53578 47.2156 -1.5355947 47.2156249 1556271482
26 10 14 17 -1.54835 47.2125 -1.5481083 47.2125538 652722787
19 10 6 9 -1.56716 47.2115 -1.5672217 47.2114567 316141624
9 5 7 12 -1.54681 47.2012 -1.5466487 47.2013132 1650331225
5 5 14 17 -1.56188 47.2182 -1.5609282 47.2188688 287431452
34 5 9 12 -1.55397 47.2049 -1.5543359 47.2051321 279634893
8 10 12 14 -1.56133 47.212 -1.5616218 47.2122012 292679470
33 10 12 14 -1.55753 47.2049 -1.5578632 47.2049611 360697042
42 5 7 12 -1.53951 47.2078 -1.5397335 47.2076151 2051049382
28 5 7 10 -1.55656 47.2064 -1.556527 47.2063456 1421448541
14 10 7 12 -1.56348 47.2125 -1.5631874 47.2127098 2613852940
7 5 7 12 -1.56079 47.2119 -1.5616218 47.2122012 292679470
10 5 7 10 -1.54454 47.2111 -1.5446902 47.2112025 653134305
24 10 7 10 -1.55689 47.2256 -1.5573741 47.2254072 289487116
24 5 7 10 -1.56926 47.216 -1.5693571 47.2161123 315143068
28 10 7 12 -1.56442 47.2211 -1.5644138 47.2208435 287952528
15 10 6 9 -1.54409 47.2135 -1.5442622 47.2136567 292916685
29 10 7 10 -1.54623 47.2115 -1.5454809 47.2117186 292842869
31 10 14 17 -1.55441 47.2198 -1.5543526 47.2196642 290215827
17 10 6 9 -1.54941 47.2233 -1.5495633 47.2237145 302423467
29 5 12 14 -1.54736 47.2113 -1.5469039 47.2113974 292734481
12 10 9 12 -1.5299 47.2085 -1.529853 47.208173 272118332
1 10 9 12 -1.57349 47.2064 -1.5731452 47.206663 1687886038
10 10 7 10 -1.55342 47.2229 -1.5533684 47.2228405 289490500
30 10 12 14 -1.54337 47.2161 -1.5458926 47.2156752 1557674398
21 5 16 20 -1.53353 47.2197 -1.5330055 47.2197715 1968204000
13 10 16 20 -1.5554 47.2053 -1.5554992 47.2052056 789716785
20 10 9 12 -1.56394 47.2138 -1.5640822 47.2138552 296945184
29 10 7 10 -1.55496 47.2296 -1.5546904 47.2293574 291910777
14 5 7 12 -1.56519 47.2126 -1.5649336 47.2122435 296394115
25 10 7 10 -1.53899 47.2234 -1.5387075 47.2234818 336115364
12 10 9 12 -1.56024 47.215 -1.5606888 47.2149608 315258292
36 10 7 12 -1.53593 47.2213 -1.5361017 47.2215143 297686608
35 10 14 17 -1.56312 47.2226 -1.5630826 47.2225484 289487109
5 10 7 10 -1.55384 47.2182 -1.5539675 47.2181433 1205616375
10 5 12 14 -1.56857 47.2104 -1.5684739 47.2102137 305615954
20 10 7 10 -1.55839 47.217 -1.5572152 47.2175279 3383262061
30 10 14 17 -1.54914 47.2104 -1.5490318 47.2102313 652767045
12 5 16 20 -1.54825 47.2051 -1.5480813 47.2050942 360242871
4 10 7 10 -1.54759 47.215 -1.5467279 47.2153538 292734381
36 5 7 10 -1.55137 47.2108 -1.5516039 47.2109427 292734442
7 5 16 20 -1.5346 47.2198 -1.5344648 47.2196795 315770088
20 10 9 12 -1.55183 47.2166 -1.551836 47.216706 339037624
19 5 7 10 -1.53845 47.2028 -1.5377468 47.2025022 652575505
31 5 16 20 -1.56612 47.2131 -1.5659559 47.2130672 301893483
11 5 6 9 -1.53932 47.2063 -1.5392807 47.2064226 549836835
9 10 6 9 -1.56501 47.2148 -1.5651713 47.2147869 296394097
37 5 9 12 -1.56736 47.2145 -1.5674796 47.2145653 315882188
11 10 7 12 -1.54935 47.212 -1.5498706 47.2117678 279635052
30 5 9 12 -1.55921 47.2217 -1.5591799 47.2216509 1763562010
0.0 533 521 354 482 486 434 383 418 540 422 382 383 476 581 403 502 537 489 531 641 501 616 242 582 515 621 432 425 626 405 650 428 661 542 517 314 486 475 482 506 470 637 512 568 388 529 414 393 501 578 
509 0.0 122 256 199 290 194 225 205 150 202 285 225 77 337 333 341 101 86 261 285 114 140 303 316 81 87 192 261 385 260 170 253 132 351 246 267 233 125 151 90 145 103 215 224 284 141 279 295 141 320 
491 132 0.0 235 167 212 163 169 174 156 171 242 169 57 260 282 262 104 44 184 268 28 229 285 239 56 220 161 205 327 204 248 174 249 272 167 249 154 78 120 48 51 236 153 228 228 145 223 244 19 242 
307 269 257 0.0 218 174 170 94 154 276 158 70 94 212 292 118 208 273 225 219 330 237 352 102 270 251 357 168 113 359 94 340 116 378 233 206 36 174 211 218 242 205 372 215 304 76 265 102 81 237 266 
455 214 174 223 0.0 267 57 180 80 111 84 251 180 156 331 292 317 203 164 254 360 152 147 250 309 207 301 67 215 397 214 367 209 346 327 238 214 224 126 59 198 123 317 223 85 238 107 233 255 154 313 
439 291 214 170 273 0.0 216 122 227 283 215 177 122 256 120 112 53 255 249 90 160 233 358 234 99 208 332 214 103 187 139 244 84 282 63 125 168 103 210 232 199 163 320 135 340 123 272 71 84 195 94 
398 201 161 166 56 209 0.0 123 23 106 27 194 123 143 274 235 260 199 151 197 302 139 181 193 252 164 288 10 158 340 157 310 152 310 270 180 157 167 113 55 155 110 301 166 142 181 95 176 198 142 256 
365 212 163 112 170 157 113 0.0 124 211 112 140 0.0 155 251 183 208 204 168 174 284 180 286 159 229 157 299 111 106 317 105 292 100 304 218 159 123 133 154 160 148 112 294 155 255 129 200 124 145 144 230 
374 237 197 144 83 246 36 159 0.0 142 45 172 159 180 310 220 296 235 187 233 339 175 217 169 288 200 325 33 194 376 193 346 188 346 306 217 133 203 149 84 191 146 337 202 169 178 131 204 183 178 292 
517 110 117 264 171 311 166 233 177 0.0 175 293 233 72 332 340 361 96 81 255 280 108 116 311 310 112 198 164 269 398 267 260 263 242 362 247 275 253 126 123 110 153 213 210 168 292 85 287 303 136 314 
396 216 172 166 87 212 31 125 30 137 0.0 194 125 159 276 237 262 213 166 199 305 155 212 190 254 166 304 28 161 342 159 312 154 313 272 183 154 169 128 86 157 121 303 168 173 184 126 178 200 153 258 
362 236 187 54 193 120 137 23 147 234 136 0.0 23 178 222 117 158 228 191 148 259 204 310 156 200 181 323 134 43 288 23 269 46 308 181 135 91 103 177 184 172 136 318 145 279 47 223 62 80 167 196 
365 212 163 112 170 157 113 0.0 124 211 112 140 0.0 155 251 183 208 204 168 174 284 180 286 159 229 157 299 111 106 317 105 292 100 304 218 159 123 133 154 160 148 112 294 155 255 129 200 124 145 144 230 
449 75 48 197 139 245 134 165 145 99 142 225 165 0.0 294 273 295 61 12 217 245 40 172 244 272 77 163 132 201 360 200 225 195 207 305 201 208 187 58 91 76 85 178 175 171 224 88 219 236 67 276 
547 325 267 267 332 108 275 210 286 336 274 274 210 274 0.0 220 121 308 268 75 134 282 411 342 72 261 316 273 212 73 235 228 184 267 107 115 277 111 263 285 252 216 305 121 393 231 325 180 193 248 63 
366 320 256 123 278 91 222 108 232 319 221 135 108 263 211 0.0 112 297 276 181 252 275 395 169 190 250 389 219 78 273 97 301 87 340 139 167 118 145 252 268 241 205 378 177 364 72 308 55 34 237 186 
482 339 263 214 322 48 265 167 276 332 264 221 167 305 144 117 0.0 304 298 130 200 282 407 277 138 257 371 263 147 206 182 283 133 322 71 170 212 152 259 281 248 212 360 175 389 166 321 115 128 243 123 
518 123 102 263 234 239 201 197 211 190 199 270 197 115 261 309 290 0.0 109 184 209 118 220 313 239 41 198 198 233 326 231 189 202 189 290 176 277 182 164 187 39 117 180 138 262 256 179 251 272 121 243 
462 87 35 209 151 232 147 178 157 111 155 237 178 12 281 285 283 73 0.0 204 257 27 184 256 259 77 175 144 213 347 212 237 194 219 292 188 220 174 61 103 68 86 191 173 183 236 100 231 248 55 263 
499 250 193 210 269 83 213 153 223 273 212 217 153 199 76 195 119 235 192 0.0 114 206 346 293 55 198 241 210 169 143 179 153 136 191 106 40 247 54 200 223 190 153 229 45 331 198 262 154 167 185 58 
587 292 290 298 363 171 307 242 317 367 305 305 242 296 144 283 207 332 289 106 0.0 303 405 382 143 292 215 304 258 118 267 134 224 165 194 143 335 142 294 316 284 247 203 148 424 286 356 242 256 279 146 
478 104 28 225 149 231 144 188 155 128 152 253 188 28 279 300 281 89 16 203 274 0.0 201 272 258 76 191 142 224 346 223 254 193 236 291 186 236 173 51 101 67 64 207 172 200 247 117 242 263 42 261 
565 139 197 332 148 352 178 289 190 83 194 361 289 152 400 402 402 176 161 324 360 189 0.0 359 379 189 182 177 325 467 324 265 314 227 412 307 323 294 188 135 191 185 198 290 120 348 83 343 364 216 382 
205 297 284 117 246 250 198 147 181 304 186 145 147 240 367 167 279 301 253 294 405 265 379 0.0 346 278 384 195 188 434 169 413 192 425 306 281 77 249 239 246 269 233 400 276 331 151 293 177 156 265 342 
542 317 259 259 324 103 267 202 278 328 266 266 202 266 97 215 140 300 260 67 61 274 403 337 0.0 253 244 265 207 136 227 163 179 194 126 107 272 103 255 277 244 208 232 112 385 226 317 175 188 239 79 
487 82 71 232 203 208 170 166 180 159 169 239 166 84 257 278 259 47 78 180 211 87 179 282 236 0.0 170 167 202 324 201 191 171 192 269 164 246 151 134 156 8 86 182 141 231 225 148 220 241 90 239 
614 104 227 361 303 329 298 312 309 255 307 377 312 182 322 406 365 205 191 245 209 218 217 408 301 186 0.0 296 330 297 339 82 296 44 352 237 372 263 229 255 194 250 15 200 324 358 245 348 369 246 304 
387 225 185 157 71 233 23 146 13 130 22 185 146 167 297 233 284 223 175 221 326 163 205 182 276 188 312 0.0 182 364 181 334 176 334 294 204 146 191 137 71 179 134 324 190 157 191 119 200 196 165 279 
395 253 204 87 211 114 154 41 165 252 153 94 41 196 235 115 152 245 209 163 273 221 327 189 213 198 340 152 0.0 301 56 284 60 322 175 149 124 118 195 201 189 153 335 159 296 67 241 57 78 185 209 
591 397 338 338 403 180 347 282 357 407 346 345 282 346 71 292 192 380 339 146 172 353 483 414 110 332 342 344 283 0.0 307 261 255 292 179 186 348 182 334 357 324 287 330 192 464 303 396 251 265 319 134 
339 274 225 31 232 156 175 62 185 273 174 38 62 217 260 100 189 266 230 187 297 242 348 133 238 219 361 173 81 326 0.0 307 84 346 215 173 68 142 216 222 210 174 356 183 317 28 262 84 62 206 234 
631 164 240 348 363 247 323 292 334 315 322 355 292 242 240 359 283 266 240 176 126 254 278 426 219 246 87 321 308 222 317 0.0 274 38 270 168 385 193 290 316 253 263 76 170 385 336 306 318 332 259 222 
402 245 182 101 203 75 146 45 157 244 145 108 45 188 178 117 113 223 201 106 218 201 319 197 157 176 315 144 46 244 70 227 0.0 265 136 93 138 71 178 193 167 131 303 103 289 75 233 60 81 163 152 
636 126 248 383 325 285 321 327 332 277 329 392 327 204 279 397 322 228 213 214 164 241 239 430 257 208 49 319 344 253 353 38 311 0.0 308 206 394 232 251 278 217 271 38 208 347 373 268 357 370 267 261 
535 367 302 267 361 96 304 210 315 371 303 273 210 316 72 208 103 343 310 117 187 321 446 330 125 296 359 302 200 134 235 271 172 309 0.0 157 265 153 298 320 287 250 347 163 428 219 360 168 181 282 51 
473 240 174 190 239 125 183 134 193 244 182 197 134 189 118 226 161 216 182 42 138 194 319 267 97 168 235 180 149 185 159 147 116 185 148 0.0 227 35 171 193 160 123 223 35 300 178 233 167 189 155 100 
308 270 257 43 219 175 171 95 155 277 159 71 95 213 293 119 209 274 226 220 331 238 353 102 271 251 358 169 114 359 94 341 117 379 234 206 0.0 175 212 219 243 206 373 216 305 77 266 103 82 238 267 
445 232 156 156 221 124 164 99 175 225 163 162 99 198 118 191 161 197 191 49 155 175 300 239 96 150 262 162 115 184 124 174 82 213 147 37 192 0.0 152 174 141 105 251 60 282 143 214 133 154 136 100 
500 159 52 245 171 221 167 179 178 175 175 251 179 83 270 291 272 144 71 193 299 55 250 295 248 108 246 165 215 336 213 300 183 291 281 177 259 163 0.0 124 99 55 262 162 232 238 164 233 254 33 252 
441 171 131 209 57 246 43 166 66 75 70 237 166 113 295 278 297 168 121 218 324 109 151 236 273 164 258 53 201 361 200 331 195 303 306 202 200 188 83 0.0 155 80 274 187 119 224 64 219 241 111 277 
479 91 62 223 194 200 161 157 172 150 160 230 157 76 248 270 250 56 69 172 220 78 188 273 227 8 178 159 193 315 192 200 162 201 260 155 237 142 125 147 0.0 78 191 141 222 216 139 211 232 82 230 
445 162 51 190 116 166 112 124 123 120 120 196 124 93 215 236 217 131 86 138 244 70 195 239 193 84 250 110 160 281 158 251 128 252 226 122 204 108 47 69 75 0.0 242 107 177 183 109 178 199 31 197 
627 117 239 374 316 314 312 318 322 268 320 383 318 195 307 412 351 219 204 243 193 232 230 421 286 199 18 309 335 282 344 67 302 28 337 235 385 260 242 269 208 262 0.0 205 338 364 259 353 374 258 289 
479 204 147 196 224 128 168 139 179 228 167 203 139 153 122 232 165 189 147 45 136 161 301 273 100 154 226 166 155 188 165 145 122 183 151 37 233 62 156 178 145 108 208 0.0 286 184 217 173 195 140 104 
535 194 201 302 88 333 136 259 160 87 164 331 259 156 382 371 383 180 165 305 364 193 123 329 360 196 282 147 295 448 294 344 289 326 393 288 293 275 170 103 195 166 298 274 0.0 318 87 313 334 198 364 
363 299 250 56 256 128 200 86 210 297 199 62 86 241 248 71 161 291 254 196 288 267 373 158 227 244 386 197 79 315 24 316 102 355 187 182 92 160 240 246 235 198 380 192 342 0.0 286 56 34 230 222 
531 157 163 299 101 318 144 255 156 49 160 327 255 118 366 368 368 142 127 290 326 155 86 325 345 159 244 143 291 433 290 307 280 289 378 273 289 260 154 101 157 151 260 256 83 314 0.0 309 330 182 348 
375 279 215 105 237 87 181 67 191 278 179 112 67 222 208 58 125 256 235 140 248 234 353 170 186 209 348 178 32 274 74 260 46 299 148 126 105 104 211 227 200 164 337 136 323 59 267 0.0 21 196 182 
354 297 236 89 255 93 199 85 201 296 197 101 85 240 214 37 126 278 253 161 254 255 371 149 192 230 370 196 44 280 62 282 67 320 152 148 83 125 232 245 222 185 358 157 341 38 285 21 0.0 217 188 
472 152 19 216 148 193 144 150 155 152 152 223 150 76 241 263 243 122 64 165 270 47 227 266 220 75 239 142 186 308 185 267 155 267 253 148 230 135 79 101 66 31 255 134 209 209 141 204 225 0.0 223 
484 327 250 215 309 45 253 159 263 319 252 222 159 281 112 157 96 292 275 82 152 269 395 279 90 244 323 250 149 178 184 235 120 273 105 122 214 117 246 268 236 199 311 127 376 168 308 116 130 231 0.0 
0.0 6552 5570 4218 5788 5321 5142 4430 4898 6474 4790 4354 4430 5720 7268 4827 6090 6225 5826 5560 6589 5689 7262 3303 5991 5695 7295 5079 4615 7582 4506 6821 4738 6822 5930 5553 3884 5183 5509 5790 5623 5233 7425 5505 6782 4455 6329 4719 4542 5411 5946 
6181 0.0 1274 2982 2523 2838 2492 2724 2524 1468 2271 3118 2724 907 3250 3617 3260 1102 983 2438 2642 1176 1421 3387 2901 1014 743 2344 2997 3398 2967 1454 2520 1114 3273 2445 3076 2371 1469 1949 1087 1710 873 2058 2218 3103 1483 3157 3306 1433 2928 
5260 1276 0.0 1929 1679 1801 1648 1492 1681 1300 1427 1979 1492 374 2354 2413 2222 856 271 1542 2238 158 2047 2466 2005 522 2019 1500 1766 2969 1735 2233 1483 2078 2236 1408 2155 1334 475 1105 449 337 2149 1323 2404 1872 1155 1926 2103 159 2032 
3656 3084 2102 0.0 2320 1455 1674 676 1429 3006 1322 487 676 2252 2473 986 1996 2757 2358 1694 2649 2220 3794 862 2124 2227 3827 1611 749 3088 640 2865 871 3205 1879 1580 306 1317 2041 2322 2154 1765 3957 1667 3314 588 2861 853 676 1942 2080 
5419 2608 1804 2309 0.0 2693 729 2012 1058 1305 1030 2444 2012 1699 3444 2933 3115 2210 1759 2633 3523 1605 1675 2625 3095 2278 3351 878 2285 4059 2255 3774 2235 3722 3129 2498 2314 2424 1425 826 2205 1467 3482 2413 993 2391 1498 2445 2623 1645 3122 
4909 2863 1699 1295 2775 0.0 2047 981 2193 2829 1948 1345 981 2059 1170 1069 448 2158 1943 748 1369 1829 3617 1961 821 1824 2941 2012 775 1785 1101 2187 685 2527 462 1030 1405 852 1728 2130 1751 1362 2844 1118 3429 978 2684 596 706 1539 782 
4689 2235 1431 1579 727 1963 0.0 1282 328 1332 300 1714 1282 1326 2714 2203 2385 2237 1386 1903 2793 1232 2120 1895 2365 1760 2978 148 1555 3329 1525 3044 1505 2889 2399 1768 1584 1694 1052 633 1688 1094 2808 1683 1721 1661 1187 1715 1893 1272 2392 
4136 2604 1319 937 1957 1271 1229 0.0 1375 2292 1130 1072 0.0 1772 2261 1511 1693 1778 1878 1450 2339 1741 3080 1342 1912 1444 3347 1194 863 2876 833 2571 813 2572 1706 1303 1031 1080 1561 1594 1371 982 2492 1255 2951 969 2147 1023 1200 1160 1877 
4360 2644 1840 1349 1055 2372 408 1691 0.0 1740 402 1485 1691 1735 3123 1983 2794 2646 1795 2312 3202 1641 2529 1566 2774 2169 3387 346 1964 3738 1934 3453 1914 3298 2808 2177 1255 2103 1461 1057 2097 1503 3217 2092 2049 1586 1596 1850 1673 1681 2801 
6115 1327 1101 2916 1711 2810 1679 2657 1712 0.0 1458 3052 2657 735 3078 3551 3232 930 810 2266 2470 1003 1049 3321 2729 1072 2070 1531 2931 3492 2900 2465 2881 2441 3093 2197 3010 2343 1112 1136 1059 1644 2201 1886 1518 3037 784 3091 3240 1261 2755 
4393 2312 1583 1382 1075 1911 347 1230 299 1679 0.0 1518 1230 1403 2662 2151 2333 2042 1463 1850 2741 1309 2467 1599 2313 1708 3055 312 1503 3277 1473 2992 1453 2836 2346 1716 1288 1642 1129 980 1635 1246 2756 1630 2068 1609 1534 1663 1840 1423 2340 
4003 2793 1508 346 2146 990 1418 189 1564 2481 1320 0.0 189 1961 1986 809 1306 1967 2067 1206 2161 1930 3270 1209 1636 1633 3536 1383 261 2600 152 2377 383 2717 1431 1092 652 829 1750 1783 1561 1171 2681 1180 3140 288 2336 505 498 1349 1592 
4136 2604 1319 937 1957 1271 1229 0.0 1375 2292 1130 1072 0.0 1772 2261 1511 1693 1778 1878 1450 2339 1741 3080 1342 1912 1444 3347 1194 863 2876 833 2571 813 2572 1706 1303 1031 1080 1561 1594 1371 982 2492 1255 2951 969 2147 1023 1200 1160 1877 
5310 902 397 2111 1652 2069 1621 1852 1653 925 1400 2247 1852 0.0 2622 2746 2490 505 105 1810 2044 299 1673 2516 2273 646 1645 1473 2126 3236 2095 2040 2076 2016 2504 1675 2205 1602 407 1078 634 839 1775 1461 1515 2232 781 2286 2435 556 2300 
5828 3156 2322 2261 3514 918 2786 1902 2931 3451 2687 2311 1902 2459 0.0 1987 1005 2780 2405 801 1152 2454 4239 2880 604 2447 2859 2751 1693 613 2067 2240 1528 2446 849 1135 2324 1100 2350 2753 2374 1984 2763 1181 4052 1896 3306 1515 1625 2162 539 
4303 3541 2116 1030 2894 773 2166 937 2312 3229 2067 938 937 2709 1704 0.0 1150 2575 2815 1561 2143 2246 4018 1605 1595 2241 3486 2131 564 2261 695 2732 785 3073 1103 1447 985 1269 2145 2531 2168 1779 3390 1535 3888 557 3084 463 286 1956 1556 
5273 3273 2108 1659 3184 409 2456 1371 2602 3238 2358 1709 1371 2469 1135 1003 0.0 2567 2352 1086 1708 2238 4026 2325 1159 2233 3279 2422 1139 1691 1465 2525 1095 2865 533 1420 1769 1261 2137 2539 2161 1771 3183 1466 3838 1342 3093 960 1070 1949 925 
5540 1382 725 2209 2430 2081 2086 1772 2232 1656 1987 2259 1772 935 2348 2693 2502 0.0 881 1536 1740 789 2153 2746 1999 342 1650 2051 2046 2762 2015 1736 1763 1580 2363 1467 2435 1614 1453 1855 330 1087 1500 1156 2246 2152 1512 2206 2383 885 2026 
5412 1004 291 2213 1754 1963 1723 1955 1755 1028 1502 2349 1955 102 2516 2848 2384 607 0.0 1704 2147 193 1775 2618 2167 684 1747 1575 2228 3130 2198 2142 1644 2118 2398 1569 2307 1496 433 1180 611 628 1878 1484 1617 2334 883 2388 2537 450 2194 
5230 2354 1483 1614 2783 692 2055 1256 2201 2378 1956 1664 1256 1657 811 1761 982 1957 1603 0.0 987 1652 3126 2436 462 1716 2192 2020 1368 1426 1421 1438 1120 1778 826 333 1921 453 1620 2022 1643 1254 2096 379 3321 1526 2234 1289 1399 1431 489 
5964 2712 2291 2349 3602 1427 2874 1990 3019 3539 2775 2399 1990 2466 1238 2496 1716 2766 2411 889 0.0 2460 3874 3170 1197 2535 2016 2839 2103 1021 2155 1365 1855 1602 1561 1173 2656 1188 2438 2841 2462 2072 1919 1232 4140 2261 3394 2023 2133 2250 1223 
5526 1118 158 2327 1499 1809 1468 1500 1501 1141 1247 2463 1500 215 2362 2421 2230 721 113 1550 2260 0.0 1889 2732 2013 641 1861 1320 1774 2976 1743 2256 1490 2232 2244 1415 2421 1342 291 925 569 423 1991 1330 1731 1879 997 1933 2111 311 2040 
6737 1430 2091 3627 1765 3583 2281 3330 2377 1015 2348 3763 3330 1725 4137 4251 4005 1920 1800 3325 3460 1993 0.0 3943 3788 1833 1782 2196 3604 4751 3573 2494 3265 2153 4019 3190 3632 3117 2156 1738 2049 2198 1913 2876 1142 3710 1025 3764 3941 2251 3814 
2794 3329 2346 995 2565 2098 1919 1207 1675 3251 1567 1131 1207 2497 3117 1604 2754 3002 2603 2337 3367 2466 4039 0.0 2768 2471 4072 1856 1392 3731 1283 3598 1515 3600 2707 2330 661 1960 2286 2567 2400 2010 4203 2282 3559 1232 3106 1496 1319 2188 2724 
5774 2916 2081 2021 3273 864 2545 1662 2691 3211 2447 2071 1662 2219 983 1933 1154 2540 2165 561 548 2213 3999 2826 0.0 2206 2255 2511 1640 1141 1827 1604 1475 1841 998 895 2270 860 2110 2512 2134 1744 2158 941 3811 1843 3066 1461 1571 1922 661 
5282 1039 467 1951 2172 1823 1829 1514 1974 1399 1730 2001 1514 678 2376 2436 2245 333 623 1565 1715 532 1810 2488 2027 0.0 1782 1794 1788 2991 1758 1711 1505 1555 2258 1430 2177 1356 1195 1598 72 829 1475 1131 1988 1894 1254 1948 2125 627 2054 
7105 923 2197 3906 3446 2739 3415 2638 3448 2392 3194 2969 2638 1831 2858 3320 3029 2026 1906 2047 1925 2099 2085 4311 2509 1938 0.0 3267 2673 2655 2725 711 2425 370 2873 1978 4000 2188 2392 2872 2010 2634 130 1667 3120 2831 2407 2833 3010 2357 2536 
4541 2463 1659 1530 874 2191 227 1510 180 1559 217 1665 1510 1554 2942 2164 2613 2465 1614 2131 3021 1460 2348 1747 2593 1988 3206 0.0 1783 3557 1753 3272 1733 3117 2627 1996 1436 1922 1280 876 1916 1322 3036 1911 1868 1766 1415 1943 1854 1500 2620 
4221 2881 1596 564 2234 906 1506 277 1652 2569 1407 614 277 2049 2077 909 1222 2055 2155 1269 2224 2018 3357 1427 1727 1721 3624 1471 0.0 2691 371 2440 438 2781 1348 1155 871 892 1838 1871 1648 1259 2769 1243 3228 420 2424 422 599 1437 1689 
7406 3753 2918 2857 4110 1514 3382 2499 3528 4047 3283 2907 2499 3056 596 2584 1601 3377 3001 1398 1469 3050 4836 3476 920 3043 2854 3347 2290 0.0 2663 2203 2125 2440 1445 1731 2920 1696 2947 3349 2970 2581 2757 1778 4648 2493 3903 2111 2221 2758 1136 
3850 3037 1752 193 2390 1154 1662 432 1623 2725 1563 243 432 2205 2229 685 1695 2211 2311 1450 2404 2173 3513 1056 1880 1877 3780 1627 504 2844 0.0 2621 627 2961 1578 1336 500 1073 1994 2026 1804 1415 2925 1423 3384 156 2580 552 375 1592 1836 
6473 1450 2040 2905 3973 2222 3173 2547 3319 2918 3074 2955 2547 2357 2341 3291 2512 2553 2160 1632 1214 2209 2611 3679 1992 2465 754 3138 2659 2063 2711 0.0 2411 340 2356 1563 3212 1774 2919 3399 2272 2371 657 1577 3647 2817 2934 2819 2929 2199 2019 
4426 2859 1439 735 2212 626 1484 358 1630 2547 1385 785 358 2027 1652 1114 942 1898 2133 884 1852 1569 3336 1632 1303 1564 2809 1449 368 2267 541 2055 0.0 2396 1067 770 1042 592 1468 1849 1491 1102 2713 858 3206 526 2402 500 678 1279 1264 
7291 1110 1940 4092 3633 2562 3602 2759 3634 2578 3381 3090 2759 2017 2681 3632 2852 2212 2093 1972 1554 2286 2271 4497 2332 2124 413 3454 2794 2300 2846 340 2546 0.0 2696 1903 4186 2114 2579 3059 2197 2272 317 1917 3307 2952 2593 3159 3269 2100 2359 
5680 3510 2395 2035 3471 771 2743 1676 2888 3524 2644 2085 1676 2812 601 1840 853 2853 2758 1155 1765 2525 4312 2732 1216 2520 3347 2708 1546 1158 1841 2593 1381 2934 0.0 1488 2176 1453 2423 2826 2447 2057 3251 1535 4125 1749 3379 1367 1477 2235 392 
4992 2270 1340 1425 2532 1043 1804 1066 1950 2470 1706 1475 1066 1573 1162 1826 1333 1799 1519 350 1157 1470 3258 2198 813 1465 2143 1770 1179 1776 1231 1389 931 1729 1177 0.0 1732 293 1369 1771 1393 1003 2046 295 3070 1337 2325 1339 1516 1181 840 
3663 3091 2109 359 2327 1462 1680 683 1436 3013 1329 494 683 2259 2480 993 2003 2764 2365 1701 2656 2227 3801 869 2131 2234 3834 1618 756 3095 647 2872 878 3212 1886 1587 0.0 1324 2048 2329 2161 1772 3964 1674 3321 595 2868 860 683 1949 2087 
4776 2385 1221 1161 2413 1037 1685 802 1831 2351 1587 1210 802 1581 1156 1562 1327 1680 1465 408 1331 1351 3139 1982 807 1346 2371 1650 915 1770 967 1617 666 1958 1171 309 1467 0.0 1250 1652 1274 884 2275 503 2951 1073 2206 1074 1252 1062 834 
5149 1500 342 1818 1647 1690 1616 1381 1648 1771 1395 1868 1381 598 2243 2302 2112 1103 496 1432 2322 382 2560 2355 1894 818 2243 1468 1655 2858 1624 2529 1372 2614 2125 1297 2044 1223 0.0 1073 745 305 2374 1212 2372 1761 1627 1815 1992 182 1921 
5232 2003 1199 2122 803 2247 543 1825 871 1037 843 2257 1825 1094 2800 2746 2669 1942 1154 1989 2879 1000 1825 2438 2451 1673 2746 691 2098 3415 2068 3130 2048 3117 2682 1854 2127 1780 820 0.0 1600 862 2876 1769 1452 2204 892 2258 2436 1039 2478 
5209 1111 395 1879 2099 1750 1756 1442 1902 1326 1657 1929 1442 605 2304 2363 2172 406 551 1492 1788 459 1883 2415 1955 72 1855 1721 1715 2918 1685 1783 1432 1628 2186 1357 2104 1284 1123 1525 0.0 757 1548 1272 1916 1821 1181 1875 2053 554 1981 
4844 1737 337 1513 1342 1385 1311 1076 1343 1466 1090 1563 1076 697 1938 1997 1806 1144 580 1126 2017 467 2255 2050 1589 811 2480 1163 1350 2553 1319 2268 1067 2112 1820 992 1739 918 366 768 738 0.0 2032 907 2067 1456 1321 1510 1687 177 1616 
7217 1035 1866 4018 3559 2803 3527 2685 3560 2504 3306 3015 2685 1943 2922 3367 3093 2138 2018 2213 1794 2211 2197 4423 2573 2050 149 3379 2719 2525 2771 580 2471 240 2937 2144 4112 2354 2504 2984 2122 2198 0.0 1713 3232 2877 2519 2879 3056 2026 2599 
5028 1974 1103 1461 2446 1072 1718 1102 1864 1998 1619 1511 1102 1277 1191 1862 1362 1577 1223 379 1110 1272 2746 2234 842 1379 1887 1683 1215 1806 1267 1342 967 1682 1206 311 1768 521 1283 1685 1306 917 1737 0.0 2984 1373 1854 1375 1552 1094 869 
6354 2132 1906 3243 1045 3187 1664 2947 1993 829 1965 3379 2947 1540 3740 3868 3609 1735 1615 2929 3274 1808 1169 3560 3391 1876 2875 1812 3220 4355 3190 3270 3170 3246 3622 2794 3249 2720 1760 1161 1864 1802 3005 2709 0.0 3326 840 3380 3557 1979 3418 
3987 3174 1889 330 2527 997 1799 569 1760 2862 1700 380 569 2342 2167 528 1538 2348 2448 1556 2367 2311 3650 1193 1818 2014 3917 1764 496 2782 137 2727 780 3068 1421 1442 637 1264 2131 2164 1941 1552 3062 1530 3521 0.0 2717 395 218 1729 1779 
6285 1865 1639 3175 1195 3131 1829 2878 1924 562 1896 3310 2878 1272 3685 3799 3553 1468 1348 2873 3007 1541 933 3491 3335 1609 2608 1744 3151 4299 3121 3003 2813 2979 3566 2738 3180 2664 1704 1286 1597 1746 2738 2423 734 3257 0.0 3311 3489 1798 3362 
4380 3140 1716 607 2494 733 1766 536 1912 2829 1667 657 536 2309 1903 487 1049 2175 2415 1161 2103 1846 3617 1432 1554 1841 3086 1731 178 2518 413 2332 384 2672 1175 1047 876 869 1745 2130 1768 1378 2989 1134 3488 448 2684 0.0 177 1556 1516 
4202 3159 1893 744 2512 778 1784 554 1822 2847 1685 652 554 2327 1949 310 1320 2352 2433 1338 2148 2023 3635 1255 1600 2018 3263 1749 277 2563 408 2509 561 2849 1203 1224 698 1046 1922 2149 1945 1556 3167 1312 3506 271 2702 177 0.0 1733 1561 
4980 1435 159 1650 1520 1521 1488 1213 1521 1644 1267 1699 1213 533 2075 2134 1943 969 431 1263 2154 317 2432 2186 1726 635 2179 1340 1486 2689 1456 2346 1203 2191 1957 1128 1875 1055 543 945 562 177 2309 1043 2244 1592 1499 1646 1823 0.0 1752 
5288 3167 2002 1643 3078 378 2350 1284 2496 3132 2252 1693 1284 2342 1106 1448 800 2461 2287 684 1305 2132 3920 2340 757 2127 2877 2316 1154 1720 1449 2123 989 2463 814 1017 1784 982 2031 2433 2055 1665 2780 1064 3732 1357 2987 975 1085 1843 0.0 
