-1.60781 47.2442 -1.6067385 47.2439041 314390636
1
100 
50
20 5 12 14 -1.55529 47.2298 -1.5553859 47.2299073 287727440
41 5 14 17 -1.56022 47.2174 -1.5602778 47.217429 1653034657
8 5 9 12 -1.57388 47.2203 -1.5735501 47.220331 286359236
12 10 12 14 -1.55432 47.2294 -1.554468 47.2294378 290027759
27 5 7 10 -1.54243 47.2272 -1.5425873 47.2271465 277456640
14 5 9 12 -1.55169 47.2166 -1.5514806 47.2163046 3141438537
9 10 6 9 -1.5716 47.2076 -1.5688635 47.2084025 309249456
19 5 6 9 -1.53823 47.2206 -1.5374107 47.2209301 315774956
33 10 7 12 -1.54004 47.2184 -1.539127 47.2185542 597295106
27 10 7 12 -1.57223 47.2143 -1.5721753 47.2144638 3164559707
2 10 9 12 -1.57104 47.2114 -1.5711269 47.2114315 569500325
8 5 7 10 -1.56295 47.2136 -1.562868 47.2133926 315882175
23 5 9 12 -1.56776 47.2113 -1.56745 47.2113748 316141320
3 10 7 12 -1.54802 47.2124 -1.5481083 47.2125538 652722787
28 10 12 14 -1.55937 47.2219 -1.5592456 47.2219182 120165974
6 10 16 20 -1.55377 47.2189 -1.5537849 47.2190008 292348612
48 10 7 10 -1.57349 47.2064 -1.5731452 47.206663 1687886038
25 5 14 17 -1.55454 47.2197 -1.5543526 47.2196642 290215827
16 5 7 10 -1.56857 47.2104 -1.5684739 47.2102137 305615954
18 10 16 20 -1.54438 47.2021 -1.5442351 47.2020951 6030108044
59 5 7 10 -1.5346 47.2198 -1.5344648 47.2196795 315770088
3 5 7 12 -1.53622 47.2192 -1.5363833 47.2190803 4348385892
4 10 9 12 -1.54736 47.2113 -1.5469039 47.2113974 292734481
8 10 7 10 -1.55384 47.2182 -1.5539675 47.2181433 1205616375
14 5 7 12 -1.55209 47.2169 -1.551836 47.216706 339037624
5 5 16 20 -1.54654 47.2106 -1.5450286 47.2111413 293255550
13 5 9 12 -1.56323 47.2201 -1.562828 47.2204958 3273097396
14 5 16 20 -1.56309 47.2187 -1.563122 47.2186651 287727481
28 10 9 12 -1.56898 47.2143 -1.5690656 47.2143985 305744185
33 5 7 10 -1.55183 47.2166 -1.551836 47.216706 339037624
46 5 7 10 -1.56462 47.2219 -1.5645017 47.2218898 287952527
35 10 7 10 -1.56071 47.2152 -1.5608376 47.2154911 3164616065
2 10 14 17 -1.56711 47.212 -1.567104 47.2121872 296394109
18 5 6 9 -1.54125 47.2163 -1.5411982 47.2160531 279635094
45 10 7 12 -1.56691 47.2042 -1.5668148 47.2040291 461495208
6 10 12 14 -1.57121 47.2128 -1.5715517 47.2128133 1658935844
8 5 7 12 -1.55485 47.206 -1.554683 47.2055538 1549955484
6 10 7 10 -1.56129 47.2182 -1.5609282 47.2188688 287431452
15 5 6 9 -1.55143 47.2068 -1.5520395 47.2068104 796994215
18 5 6 9 -1.53969 47.2142 -1.5398776 47.2144055 1556271466
29 5 14 17 -1.56365 47.215 -1.5637541 47.215022 294029953
22 5 14 17 -1.56523 47.2185 -1.5653143 47.2185256 3157800969
14 5 12 14 -1.56437 47.2185 -1.5636429 47.2186631 287727486
11 5 6 9 -1.54257 47.227 -1.5425873 47.2271465 277456640
36 10 7 10 -1.5561 47.2139 -1.5567027 47.2135841 4988076365
25 5 7 10 -1.54709 47.2168 -1.5468487 47.2165498 597296096
3 5 7 10 -1.55243 47.212 -1.5525499 47.212175 1938911673
27 10 16 20 -1.56612 47.2131 -1.5659559 47.2130672 301893483
13 10 7 12 -1.56362 47.2161 -1.5639037 47.2159076 1566284636
8 5 9 12 -1.56011 47.2186 -1.5607887 47.2189469 288118674
0.0 442 514 396 471 573 529 492 676 678 481 479 530 528 669 458 488 511 477 493 724 707 695 684 517 523 679 478 489 484 523 460 504 510 708 615 489 636 507 655 709 477 485 495 573 577 586 600 517 477 505 
461 0.0 211 230 43 131 206 378 269 292 303 344 309 321 346 138 164 421 154 355 418 265 273 360 194 199 355 193 221 286 199 198 253 304 384 423 336 346 187 364 385 256 240 224 131 254 262 276 310 239 185 
512 209 0.0 151 219 216 115 192 278 268 117 158 119 135 188 112 118 235 108 170 260 310 294 207 99 109 227 67 35 100 109 112 49 118 226 259 150 182 40 201 233 71 57 41 216 94 171 118 124 54 38 
401 242 118 0.0 280 315 210 187 373 362 104 145 133 131 282 201 212 230 207 166 337 404 388 302 194 203 296 100 92 87 203 105 107 114 321 271 137 240 118 258 328 80 93 98 315 180 265 213 120 81 119 
457 48 218 241 0.0 179 212 385 318 338 310 351 316 328 352 145 171 428 160 362 425 313 322 367 200 206 362 200 228 293 206 213 260 311 391 429 343 353 194 371 392 263 247 231 179 261 269 283 317 246 192 
581 189 247 358 140 0.0 162 369 138 168 340 380 313 337 268 199 152 412 159 371 384 133 142 282 154 156 276 253 257 323 156 292 262 340 277 388 372 311 223 330 257 293 279 263 0.0 234 167 242 323 276 222 
536 198 129 265 208 176 0.0 224 187 154 220 239 168 192 141 110 41 267 51 226 226 202 180 154 43 6 149 165 164 203 6 203 117 197 192 230 250 153 134 172 179 154 186 171 176 89 56 84 177 151 133 
500 391 196 230 402 393 224 0.0 365 321 92 52 161 73 238 295 252 67 248 31 232 354 347 219 234 230 200 221 189 109 230 261 153 78 262 123 69 157 203 179 232 145 211 196 393 147 250 168 105 158 205 
691 299 323 434 250 110 222 401 0.0 86 416 429 377 400 262 275 218 444 229 408 346 52 60 255 220 222 220 329 333 399 222 368 326 404 195 404 447 327 299 302 176 363 355 339 110 298 165 267 387 352 298 
672 301 252 388 253 153 136 327 43 0.0 342 355 291 315 175 246 177 370 188 334 318 48 25 189 179 142 183 301 287 325 142 340 239 319 191 327 372 250 271 268 172 276 309 293 153 211 79 180 300 273 269 
468 315 117 141 326 322 195 82 358 348 0.0 40 94 81 268 219 198 125 192 83 314 390 374 287 179 189 278 142 110 17 189 180 93 63 306 205 32 222 124 240 311 66 132 116 322 166 250 198 69 79 126 
474 356 158 181 366 362 235 42 399 363 40 0.0 135 86 280 259 238 85 233 42 274 396 389 261 219 229 242 182 150 57 229 220 133 92 304 165 17 199 165 221 275 106 172 157 362 187 290 210 110 119 166 
501 286 88 140 297 290 146 127 304 268 90 118 0.0 71 185 190 149 170 144 105 224 316 294 202 131 140 183 115 83 73 140 161 48 75 223 204 123 127 95 146 216 24 105 90 290 71 174 115 48 34 97 
499 360 165 198 370 363 218 56 374 337 80 47 130 0.0 254 264 222 99 217 34 248 370 363 235 203 213 216 190 158 93 213 229 121 46 278 139 57 173 172 195 249 113 180 164 363 141 244 185 73 127 173 
669 331 188 323 341 276 146 242 234 191 276 270 224 237 0.0 242 185 285 184 249 174 236 217 28 167 153 53 244 223 259 153 296 175 242 101 232 287 155 212 130 108 210 245 229 276 147 135 64 228 209 210 
499 185 73 159 196 192 137 239 284 286 165 205 171 183 254 0.0 95 283 85 217 326 315 303 273 125 131 287 54 82 148 131 93 115 165 292 322 197 248 49 267 299 118 102 86 192 160 194 184 172 101 47 
495 156 117 227 167 161 41 244 192 194 209 250 188 212 183 68 0.0 287 10 247 267 223 211 196 29 35 191 123 127 192 35 162 137 210 233 271 242 194 93 213 221 162 148 133 161 109 98 125 198 145 91 
514 438 242 251 448 439 270 46 411 367 130 96 207 120 284 342 298 0.0 294 77 278 400 393 265 281 276 246 265 233 147 276 303 199 124 308 169 110 203 250 225 279 191 255 239 439 193 296 215 151 204 251 
485 146 107 217 157 151 51 250 198 200 199 239 188 212 193 58 10 293 0.0 247 277 229 217 206 40 45 201 113 116 182 45 152 143 199 243 281 231 205 83 223 231 152 138 123 151 119 108 135 198 135 81 
494 363 168 201 373 366 221 59 377 340 75 42 133 44 257 267 225 102 220 0.0 251 373 366 238 206 216 219 193 161 92 216 233 125 50 281 142 52 176 175 198 252 116 183 167 366 144 247 188 77 130 177 
711 391 248 364 401 376 207 235 334 291 303 263 263 254 157 303 245 278 244 242 0.0 300 316 135 228 213 136 305 283 298 213 356 235 258 208 167 280 90 272 85 179 249 305 290 376 207 229 124 267 259 271 
706 313 315 448 265 124 199 378 39 63 406 406 354 377 239 289 233 421 243 385 323 0.0 37 232 235 205 197 344 348 389 205 383 303 381 172 381 423 304 314 279 153 340 370 354 124 275 142 243 364 337 312 
698 327 278 413 279 146 162 353 60 25 368 381 317 341 201 272 203 396 213 360 316 22 0.0 215 205 168 190 327 313 351 168 366 265 345 165 352 398 276 297 272 146 302 335 319 146 237 105 206 326 299 295 
688 350 206 342 360 282 165 229 240 197 295 257 243 228 28 261 204 272 203 236 155 207 223 0.0 186 172 25 263 242 278 172 315 194 232 115 213 275 136 231 111 85 229 264 248 282 166 141 83 247 228 229 
527 188 130 259 199 172 41 224 192 194 220 240 168 192 174 100 31 267 42 227 247 223 211 194 0.0 35 191 155 158 203 35 194 117 197 213 251 250 175 125 193 220 154 180 165 172 89 98 105 178 151 123 
530 192 136 262 202 170 6 230 190 160 226 246 174 198 147 103 35 273 45 233 232 208 186 161 37 0.0 155 158 162 209 0.0 197 123 203 198 237 256 160 128 178 186 160 184 168 170 95 63 90 184 157 127 
680 361 218 325 349 257 172 204 215 171 270 232 223 202 46 273 214 247 215 211 149 182 197 38 198 178 0.0 275 254 253 178 327 205 207 90 206 249 129 243 104 60 209 275 260 257 170 115 102 227 219 241 
474 191 63 115 202 219 164 216 310 312 141 182 147 159 244 101 122 259 112 194 317 341 329 264 152 157 283 0.0 33 124 157 51 105 142 283 299 174 239 30 257 290 95 47 31 219 150 220 175 148 78 32 
483 211 38 122 221 223 154 190 314 306 116 156 122 134 226 120 126 233 116 168 299 345 332 246 138 147 265 31 0.0 99 147 77 87 116 265 273 148 221 25 239 272 69 21 6 223 132 209 157 122 52 27 
485 298 100 134 309 305 178 99 341 331 17 57 77 64 251 202 181 142 175 98 302 373 357 270 162 172 261 125 93 0.0 172 165 76 46 289 203 49 205 107 223 294 49 115 100 305 149 233 181 52 62 109 
530 192 136 262 202 170 6 230 190 160 226 246 174 198 147 103 35 273 45 233 232 208 186 161 37 0.0 155 158 162 209 0.0 197 123 203 198 237 256 160 128 178 186 160 184 168 170 95 63 90 184 157 127 
470 216 89 111 227 244 189 241 335 337 166 207 173 184 270 126 147 284 137 219 342 367 354 289 177 182 308 25 58 149 182 0.0 131 167 308 324 199 264 55 283 315 120 60 56 244 176 246 200 173 103 57 
509 241 48 148 251 245 102 180 265 254 105 146 103 123 175 145 104 223 99 158 247 296 280 194 86 95 213 87 55 88 95 133 0.0 106 213 242 138 166 67 184 220 51 77 62 245 77 157 105 112 34 69 
513 316 118 151 326 323 195 74 359 348 63 64 95 17 268 220 198 117 193 51 265 388 374 253 180 189 233 143 111 46 189 182 93 0.0 296 157 75 190 125 212 266 66 133 117 323 158 251 199 27 80 127 
708 370 227 363 355 263 178 265 200 177 315 293 264 264 114 282 219 308 223 272 210 160 177 119 207 184 84 284 262 298 184 335 214 268 0.0 268 311 191 251 166 26 249 284 269 263 186 121 111 268 249 250 
637 442 283 339 452 434 257 161 394 350 230 189 270 182 259 353 296 204 295 168 177 398 376 237 278 264 238 330 298 233 264 370 257 187 306 0.0 207 102 307 136 281 253 320 304 434 221 279 198 214 267 306 
476 338 140 164 349 345 218 61 381 371 22 19 117 103 291 242 220 104 215 61 293 412 396 280 202 212 261 165 133 39 212 203 116 86 323 184 0.0 218 147 240 294 89 155 139 345 188 273 221 92 102 149 
620 339 180 274 349 331 155 144 291 248 213 172 172 163 165 250 193 188 192 152 96 296 274 148 176 161 148 237 210 207 161 288 155 168 203 76 190 0.0 205 34 191 158 232 217 331 119 176 95 176 168 203 
510 190 33 150 201 197 141 190 289 291 116 156 122 134 214 94 100 234 90 168 286 320 308 233 125 135 252 35 33 99 135 87 75 116 252 273 148 208 0.0 227 259 69 55 40 197 120 196 144 123 52 1 
653 357 199 292 368 350 173 178 310 266 243 207 191 182 137 269 211 222 210 186 102 280 292 115 194 179 116 255 229 226 179 306 173 186 188 110 224 34 223 0.0 159 176 251 235 350 137 195 104 195 187 221 
716 381 238 361 366 271 189 240 186 188 307 268 260 238 102 293 230 283 235 247 185 146 162 94 218 195 59 295 274 290 195 347 226 243 37 242 285 166 263 141 0.0 245 295 280 271 198 132 122 264 255 261 
480 265 67 119 275 272 129 140 292 282 66 106 57 84 202 169 131 183 126 118 256 323 308 221 113 123 215 94 62 49 123 140 27 66 240 223 98 159 74 178 247 0.0 84 68 272 100 184 132 67 13 76 
461 242 85 100 253 270 200 197 361 353 114 155 143 141 273 152 173 240 163 176 346 392 379 292 184 194 306 63 54 97 194 70 118 124 311 281 147 250 79 268 318 90 0.0 52 270 179 256 203 130 91 81 
477 221 64 116 231 249 179 212 340 332 130 170 147 157 252 131 152 255 141 191 324 371 358 271 163 173 291 42 33 113 173 71 113 140 290 297 162 246 58 265 297 95 15 0.0 249 158 235 182 146 78 60 
581 189 247 358 140 0.0 162 369 138 168 340 380 313 337 268 199 152 412 159 371 384 133 142 282 154 156 276 253 257 323 156 292 262 340 277 388 372 311 223 330 257 293 279 263 0.0 234 167 242 323 276 222 
587 249 100 236 259 246 77 194 233 200 191 210 139 163 120 161 105 238 102 197 192 248 226 139 87 83 159 157 135 174 83 208 88 167 158 197 220 120 124 139 166 125 157 142 246 0.0 103 50 148 122 123 
593 255 173 308 253 160 56 252 130 132 263 280 211 235 163 167 98 296 108 260 247 171 149 176 100 63 171 221 208 246 63 260 160 240 213 252 293 175 191 194 201 197 230 214 160 132 0.0 105 221 194 190 
605 267 123 259 277 259 82 178 219 175 212 206 160 173 69 178 121 221 120 185 142 223 201 88 103 89 108 180 159 195 89 232 111 178 110 177 223 101 148 97 117 146 180 165 259 83 104 0.0 164 145 146 
515 318 120 154 329 325 198 114 361 333 66 105 98 58 250 222 201 158 196 92 289 380 358 267 182 192 247 145 114 49 192 185 96 48 288 197 98 192 128 210 280 69 135 120 325 135 238 180 0.0 82 129 
475 251 53 114 262 258 146 146 309 299 71 112 69 89 219 155 149 189 143 124 273 340 325 238 130 140 232 80 49 54 140 126 44 72 257 229 104 176 61 195 264 17 70 55 258 117 201 149 78 0.0 62 
508 189 34 149 199 196 141 192 287 289 117 158 124 135 215 92 99 235 89 170 288 318 306 235 127 134 254 34 35 100 134 85 76 118 254 275 150 210 1 228 261 71 57 41 196 121 197 146 124 54 0.0 
0.0 5209 5804 4499 5506 6306 6258 5999 7479 7496 5933 5855 5788 5914 7346 5475 5911 6023 5826 5997 8572 7423 7637 7478 6159 6206 7502 5079 5539 5412 6206 4914 5715 5768 7908 7096 5865 7030 5884 7141 7899 5489 4951 5590 6306 6290 6729 6854 5774 5492 5871 
5399 0.0 1878 2401 360 1097 1889 3276 2249 2488 2742 3094 2558 2796 2977 1268 1542 3639 1457 3083 4119 2214 2284 3109 1790 1837 3134 1709 1959 2505 1837 1695 2220 2650 3539 4285 3013 3326 1677 3437 3531 2259 2103 1973 1097 2297 2361 2485 2656 2117 1664 
5436 1975 0.0 1705 2062 2024 955 1611 2315 2199 1077 1430 892 1131 1484 940 976 1974 909 1418 2626 2757 2415 1614 815 902 1816 558 294 840 902 940 403 985 2046 2676 1349 1717 336 1827 2193 594 475 345 2024 754 1386 992 991 452 323 
4160 2389 1304 0.0 2849 3116 2066 1934 3426 3311 1148 1501 1288 1414 2595 1625 2087 2296 2040 1701 3779 3869 3527 2725 1926 2014 3238 881 1039 912 2014 929 1216 1269 3157 2646 1420 2530 1252 2641 3305 989 825 1091 3116 1791 2498 2103 1274 993 1266 
5452 403 1832 2879 0.0 1500 1947 3230 2652 2820 2696 3048 2512 2750 3035 1222 1600 3593 1515 3037 4177 2617 2687 3167 1848 1895 3191 1663 1913 2459 1895 1822 2174 2604 3597 4343 2967 3384 1631 3495 3588 2213 2057 1927 1500 2355 2418 2543 2609 2071 1618 
7237 1747 2272 3355 1344 0.0 1570 3256 1151 1403 3136 3489 2705 2866 2327 1866 1487 3619 1535 3153 3852 1116 1187 2496 1504 1518 2520 2307 2353 2900 1518 2633 2370 3045 2477 4017 3408 3059 2072 3169 2345 2653 2534 2404 0.0 2145 1614 2218 2758 2511 2058 
6411 1888 1031 2611 1974 1681 0.0 1819 1538 1284 1858 1893 1268 1428 1051 919 346 2182 432 1716 2344 1685 1500 1220 363 52 1244 1359 1325 1621 52 1685 933 1467 1764 2510 1909 1551 1124 1662 1641 1213 1506 1376 1681 708 471 710 1321 1217 1111 
5925 3362 1640 2361 3449 3486 1830 0.0 3083 2720 861 510 1098 615 1948 2322 2075 573 1938 262 2572 3803 2936 2066 1931 1883 2147 1846 1581 1098 1883 2440 1176 654 2986 1097 670 1588 1699 1616 2649 1207 1762 1632 3486 1225 2054 1455 833 1320 1713 
8155 2665 2881 3964 2262 917 1854 4253 0.0 722 3745 4553 3017 4230 2059 2475 2005 4616 2091 4305 3888 435 506 2404 2022 2036 2155 2916 2962 3509 2036 3242 2682 4269 1796 4451 4713 3493 2681 3156 1664 2962 3143 3013 917 2457 1382 2236 3070 3120 2667 
7543 2533 2057 3637 2130 1280 1132 2766 362 0.0 2885 3066 2295 2455 1336 2051 1478 3129 1564 2818 2850 401 216 1506 1495 1184 1530 2491 2352 2648 1184 2817 1960 2494 1762 3313 2936 2355 2256 2465 1630 2239 2533 2403 1280 1734 660 1514 2348 2243 2243 
5169 2951 1077 1240 3038 3000 1722 785 3082 2966 0.0 352 740 769 2251 1917 1743 1147 1696 783 3358 3524 3182 2381 1582 1669 2734 1213 948 236 1669 1737 871 624 2813 1883 271 2027 1136 2138 3236 645 1129 999 3000 1331 2153 1759 629 757 1150 
5688 3302 1428 1592 3389 3351 2073 433 3433 3153 351 0.0 1092 798 2381 2268 2094 794 2047 431 3005 4237 3369 2500 1933 2021 2581 1564 1299 587 2021 2089 1222 848 3419 1530 160 2021 1487 2050 3082 996 1480 1351 3351 1533 2361 1889 980 1109 1501 
5344 2616 741 1613 2703 2622 1190 959 2485 2263 851 943 0.0 479 1491 1581 1211 1322 1164 766 2535 2664 2479 1912 1050 1138 1993 965 700 615 1138 1346 404 517 2053 2245 1123 1286 801 1397 2495 206 881 751 2622 590 1418 999 314 290 814 
5920 3098 1376 2097 3185 3132 1680 480 2970 2855 671 464 834 0.0 2083 2058 1721 843 1674 287 2707 3938 3071 2201 1560 1648 2282 1582 1317 777 1648 2176 912 390 3120 1231 480 1722 1435 1751 2783 944 1498 1368 3132 1075 1904 1590 569 1056 1449 
7522 2998 1598 3178 3085 2548 1270 2102 1959 1596 2461 2402 1871 1949 0.0 2029 1552 2466 1542 2155 1816 2149 1812 158 1408 1323 346 2070 1893 2224 1323 2502 1501 1987 959 2379 2563 1420 1801 1084 1106 1816 2074 1944 2548 1275 1128 450 1872 1784 1787 
5209 1780 609 1488 1867 1829 1146 2007 2368 2384 1473 1825 1289 1527 2032 0.0 799 2370 714 1814 3175 2810 2525 2163 1048 1094 2391 440 690 1236 1094 766 951 1381 2595 2759 1744 2266 408 2376 2742 990 834 704 1829 1303 1618 1541 1387 848 395 
6064 1541 978 2061 1628 1566 346 2000 1603 1619 1842 2195 1449 1609 1397 572 0.0 2363 85 1897 2647 2045 1760 1566 248 294 1591 1013 1059 1605 294 1339 1114 1750 2068 2813 2114 1855 778 1965 1988 1359 1240 1110 1566 889 818 1014 1502 1217 764 
5904 3761 2039 2265 3848 3885 2230 399 3482 3119 1315 867 1497 1015 2346 2721 2474 0.0 2337 661 2971 4203 3335 2466 2330 2282 2546 2429 2165 1552 2282 2954 1575 1053 3385 1496 939 1987 2098 2015 3048 1607 2345 2216 3885 1624 2453 1854 1232 1719 2112 
5979 1455 893 1975 1542 1480 432 2073 1653 1670 1757 2109 1474 1634 1483 487 85 2436 0.0 1921 2733 2096 1811 1652 333 379 1676 927 974 1520 379 1253 1180 1665 2153 2899 2028 1940 692 2051 2073 1274 1154 1025 1480 995 903 1099 1526 1132 679 
5881 3124 1402 2123 3211 3159 1707 508 2997 2881 632 425 861 366 2109 2085 1748 869 1701 0.0 2733 3964 3097 2227 1587 1674 2308 1608 1344 869 1674 2203 938 417 3147 1258 441 1749 1462 1777 2810 970 1525 1395 3159 1102 1930 1616 595 1083 1475 
8339 3772 2372 4104 3859 3734 2044 2623 3145 2782 3275 2923 2752 2690 1526 2803 2325 2987 2316 2676 0.0 3204 3340 1327 2181 2096 1394 2844 2666 3105 2096 3275 2274 2728 2386 2118 3084 1159 2574 968 2049 2697 2847 2717 3734 2049 2224 1343 2753 2781 2561 
8277 2787 2587 4086 2384 1039 1661 4060 329 529 3414 4360 2824 4037 1866 2597 2127 4423 2213 4112 3695 0.0 313 2211 2144 1713 1962 3038 3084 3177 1713 3364 2489 4076 1603 4258 4520 3300 2803 2963 1471 2769 3265 3135 1039 2264 1189 2043 2877 2773 2789 
7759 2749 2273 3853 2346 1224 1347 2981 503 215 3101 3281 2511 2671 1552 2267 1694 3345 1780 3034 3638 184 0.0 1721 1711 1400 1904 2707 2568 2864 1400 3033 2176 2710 1546 3529 3152 2571 2472 2906 1413 2455 2749 2619 1224 1950 876 1729 2564 2459 2459 
7530 3006 1606 3186 3093 2571 1278 2369 1982 1619 2469 2669 1879 2347 158 2037 1559 2732 1550 2421 1636 1991 1835 0.0 1415 1330 188 2078 1901 2232 1330 2510 1509 2385 1174 2199 2829 1240 1809 904 837 1823 2081 1952 2571 1283 1151 578 1879 1792 1795 
6330 1806 1047 2326 1893 1676 347 1835 1604 1621 1874 1909 1284 1444 1340 837 265 2198 350 1732 2482 2046 1761 1470 0.0 295 1592 1278 1324 1637 295 1604 949 1483 1902 2648 1925 1690 1043 1800 2050 1229 1505 1375 1676 724 819 849 1337 1233 1029 
6359 1835 1083 2355 1922 1629 52 1871 1557 1336 1910 1945 1320 1480 1103 867 294 2234 379 1768 2396 1737 1552 1272 311 0.0 1296 1307 1354 1673 0.0 1633 985 1519 1816 2562 1961 1603 1072 1714 1693 1265 1534 1405 1629 760 523 762 1373 1269 1059 
7896 3247 1847 3610 2953 2382 1436 2180 1793 1431 2820 2480 2259 2158 378 2278 1783 2544 1791 2232 1816 1803 1647 280 1656 1488 0.0 2319 2142 2584 1488 2751 2163 2196 985 2379 2641 1420 2050 1084 648 2203 2323 2193 2382 1888 963 901 2259 2287 2036 
4763 1569 533 1145 1656 2050 1367 1810 2588 2605 1276 1628 1092 1330 1956 743 1020 2173 935 1617 3098 3031 2746 2086 1268 1314 2289 0.0 276 1039 1314 431 875 1184 2519 2561 1547 2190 257 2300 2666 793 393 263 2050 1227 1838 1465 1190 651 270 
5003 1730 321 1272 1817 2076 1276 1597 2615 2521 1063 1416 879 1117 1805 993 1046 1960 961 1404 2947 3057 2737 1935 1137 1224 2138 264 0.0 826 1224 646 724 971 2367 2349 1335 2039 212 2149 2515 580 180 51 2076 1076 1708 1314 977 438 226 
5406 2714 840 1561 2801 2763 1485 1022 2845 2729 236 589 504 532 2014 1680 1506 1383 1459 820 3039 3288 2945 2144 1345 1433 2498 1046 782 0.0 1433 1641 634 387 2576 1764 508 1791 900 1901 2999 408 963 833 2763 1094 1917 1522 392 521 913 
6359 1835 1083 2355 1922 1629 52 1871 1557 1336 1910 1945 1320 1480 1103 867 294 2234 379 1768 2396 1737 1552 1272 311 0.0 1296 1307 1354 1673 0.0 1633 985 1519 1816 2562 1961 1603 1072 1714 1693 1265 1534 1405 1629 760 523 762 1373 1269 1059 
4728 1780 744 1110 1867 2260 1577 2021 2799 2816 1487 1839 1303 1540 2167 954 1230 2384 1145 1828 3309 3241 2956 2297 1479 1525 2500 210 487 1250 1525 0.0 1086 1395 2729 2772 1758 2400 467 2511 2876 1003 501 474 2260 1438 2049 1675 1400 861 481 
5408 2236 395 1677 2323 2282 850 1509 2210 2094 975 1328 762 1029 1379 1202 871 1873 824 1316 2521 2653 2311 1509 710 798 1712 730 465 739 798 1111 0.0 884 1941 2545 1247 1587 566 1697 2088 425 646 516 2282 624 1282 887 889 283 579 
5437 2859 985 1706 2946 2908 1630 625 2990 2874 624 609 649 145 2159 1825 1651 988 1604 432 2852 4083 3090 2347 1490 1578 2427 1191 927 387 1578 1786 779 0.0 3266 1377 626 1868 1045 1896 2929 553 1107 978 2908 1221 2062 1667 178 666 1058 
7968 3445 2045 3625 3020 2450 1503 2991 1793 1498 2907 3291 2317 2969 891 2476 1850 3355 1989 3044 2627 1464 1601 1143 1854 1555 893 2517 2339 2670 1555 2948 1947 3008 0.0 3190 3452 2232 2247 1895 216 2262 2520 2390 2450 1722 1030 1099 2318 2231 2233 
7266 4594 2996 3461 4681 4548 2866 1551 4005 3643 2202 1851 2199 1716 2667 3625 3147 1914 3138 1603 2288 4044 3859 2468 3003 2918 2534 2946 2681 2142 2918 3541 2801 1754 3433 0.0 2011 1303 3199 1630 3189 2308 2862 2733 4548 2525 3046 2379 1933 2421 3185 
5543 3142 1268 1431 3229 3191 1912 607 3273 3157 190 173 931 960 2442 2108 1934 968 1887 605 3179 3715 3373 2674 1773 1860 2754 1404 1139 427 1860 1928 1062 814 3593 1704 0.0 2195 1327 2223 3256 836 1320 1190 3191 1521 2344 1950 820 948 1341 
7179 3290 1693 2944 3377 3244 1562 1464 2702 2339 2115 1764 1592 1530 1567 2322 1844 1827 1834 1516 1248 2740 2555 1293 1700 1615 1360 2165 1963 1945 1615 2609 1497 1568 2129 958 1924 0.0 1895 326 2015 1537 2144 2014 3244 1221 1743 1075 1593 1621 1881 
5060 1814 276 1692 1901 1863 1170 1598 2402 2418 1064 1416 880 1118 1699 780 833 1961 748 1405 2841 2844 2559 1829 1030 1118 2032 296 281 827 1118 728 618 972 2261 2350 1336 1932 0.0 2043 2409 581 462 332 1863 970 1602 1207 978 439 13 
6785 3401 1803 3054 3488 3355 1673 1791 2812 2450 2293 2091 1703 1640 1112 2432 1954 2154 1945 1843 1212 2790 2666 913 1810 1725 980 2275 2073 2056 1725 2719 1608 1679 1972 1285 2251 326 2006 0.0 1635 1647 2254 2124 3355 1332 1853 930 1703 1732 1992 
8430 3626 2226 4145 3214 2455 1697 2715 1745 1692 3355 3015 2793 2693 964 2657 2044 3078 2170 2767 2351 1415 1552 867 2035 1749 617 2698 2520 3119 1749 3129 2128 2731 363 2913 3175 1955 2428 1619 0.0 2738 2701 2571 2455 1903 1224 1280 2794 2822 2415 
5166 2437 563 1435 2524 2486 1076 1179 2437 2321 645 997 407 699 1605 1403 1098 1542 1051 986 2789 2879 2537 1735 937 1024 2248 787 522 408 1024 1168 226 553 2168 1930 916 1541 623 1651 2315 0.0 703 573 2486 801 1508 1114 460 112 636 
4822 1993 709 1091 2080 2474 1664 1862 3012 2909 1076 1429 1216 1342 2193 1167 1444 2224 1359 1629 3336 3455 3125 2323 1525 1612 3166 527 451 840 1612 584 1143 1197 2756 2574 1348 2458 664 2569 2903 917 0.0 439 2474 1464 2096 1702 1202 921 678 
4952 1817 533 1221 1904 2298 1488 1992 2836 2733 1206 1559 1091 1472 2017 991 1268 2353 1183 1759 3160 3279 2949 2147 1349 1436 2350 351 275 970 1436 594 936 1326 2580 2704 1478 2251 488 2361 2727 792 129 0.0 2298 1288 1920 1526 1332 650 502 
7237 1747 2272 3355 1344 0.0 1570 3256 1151 1403 3136 3489 2705 2866 2327 1866 1487 3619 1535 3153 3852 1116 1187 2496 1504 1518 2520 2307 2353 2900 1518 2633 2370 3045 2477 4017 3408 3059 2072 3169 2345 2653 2534 2404 0.0 2145 1614 2218 2758 2511 2058 
6831 2308 824 2404 2395 2261 605 1611 1895 1641 1651 1686 1061 1222 925 1339 850 1975 852 1509 2067 2042 1857 1055 705 657 1258 1296 1118 1415 657 1727 727 1260 1487 2233 1703 1275 1026 1385 1635 1006 1299 1170 2261 0.0 828 434 1114 1010 1013 
6883 2359 1397 2977 2145 1574 471 2142 1066 1083 2224 2442 1635 1795 1231 1390 818 2506 903 2194 2524 1409 1224 1400 834 523 1424 1831 1691 1988 523 2157 1300 1833 1944 2690 2276 1731 1596 1842 1822 1579 1872 1743 1574 1074 0.0 890 1687 1583 1582 
6951 2428 1028 2608 2515 2382 700 1532 1839 1477 1890 1832 1300 1378 491 1459 981 1895 972 1584 1633 1878 1693 621 837 752 824 1500 1322 1654 752 1931 930 1417 1093 2080 1992 1121 1230 901 1240 1245 1503 1373 2382 705 880 0.0 1301 1214 1217 
5389 2812 937 1658 2899 2861 1582 830 2942 2661 576 814 601 350 1889 1777 1603 1193 1556 637 2933 3062 2877 2311 1442 1530 2391 1143 879 339 1530 1738 732 329 2451 1582 847 1684 997 1795 2893 505 1060 930 2861 988 1816 1397 0.0 618 1010 
5124 2325 451 1394 2412 2374 1218 1226 2579 2463 692 1044 441 746 1747 1290 1240 1589 1193 1033 2931 3021 2679 1878 1079 1166 2390 674 409 455 1166 1055 368 600 2310 1978 963 1683 510 1793 2457 142 590 460 2374 943 1650 1256 606 0.0 524 
5046 1801 289 1428 1888 1850 1167 1612 2388 2405 1078 1430 894 1132 1713 766 820 1975 734 1419 2855 2831 2546 1843 1044 1114 2046 283 295 841 1114 714 632 986 2275 2363 1349 1946 13 2057 2422 595 475 346 1850 983 1638 1221 991 453 0.0 
