-1.56772 47.1766 -1.5679986 47.1766491 988227491
1
100 
50
13 5 12 14 -1.56349 47.22 -1.5638054 47.2195174 287727500
21 5 7 10 -1.54454 47.2111 -1.5446902 47.2112025 653134305
7 10 14 17 -1.54707 47.2106 -1.5471721 47.2103269 3121942015
37 5 6 9 -1.56736 47.2145 -1.5674796 47.2145653 315882188
27 5 6 9 -1.56228 47.2178 -1.5623626 47.217875 287431450
13 5 9 12 -1.52872 47.2105 -1.5287672 47.2103909 2323029363
33 5 7 10 -1.54793 47.2141 -1.5484646 47.2139206 292687577
25 5 6 9 -1.56418 47.2125 -1.5643077 47.212457 296394102
9 10 6 9 -1.54941 47.2233 -1.5495633 47.2237145 302423467
11 5 9 12 -1.54919 47.2247 -1.5492844 47.2248002 302423356
15 5 7 12 -1.56079 47.2119 -1.5616218 47.2122012 292679470
9 10 14 17 -1.54912 47.2201 -1.5492266 47.2200708 571479563
39 10 7 10 -1.5469 47.2116 -1.5469039 47.2113974 292734481
21 5 7 12 -1.56254 47.2153 -1.5630876 47.2151297 315258306
19 10 7 10 -1.55938 47.2096 -1.5589808 47.209511 292328153
30 10 14 17 -1.54513 47.2132 -1.5455589 47.2129239 4774358145
26 5 16 20 -1.55137 47.2108 -1.5516039 47.2109427 292734442
11 10 16 20 -1.54074 47.2154 -1.5408377 47.2154014 340551041
17 10 6 9 -1.56961 47.2191 -1.5698043 47.2191483 286359246
3 5 14 17 -1.56175 47.2282 -1.5615875 47.2280699 120180363
31 5 9 12 -1.56024 47.215 -1.5606888 47.2149608 315258292
24 5 7 10 -1.566 47.2041 -1.56588 47.2041241 2870930675
14 10 9 12 -1.55518 47.2186 -1.5551908 47.2186752 335605754
15 5 7 10 -1.56011 47.2186 -1.5607887 47.2189469 288118674
28 5 7 10 -1.57059 47.2101 -1.5705622 47.2099033 664236546
0 10 12 14 -1.546 47.2011 -1.5456505 47.2009194 652535143
4 5 7 12 -1.53771 47.2087 -1.5373725 47.2089138 642454355
4 10 7 12 -1.54409 47.2135 -1.5442622 47.2136567 292916685
57 5 14 17 -1.57077 47.2096 -1.5707129 47.2095563 309249444
4 10 7 12 -1.56132 47.2186 -1.5609282 47.2188688 287431452
10 10 7 10 -1.55559 47.2174 -1.5555502 47.2171345 2483837221
12 10 7 10 -1.54666 47.2203 -1.5457954 47.2206091 281121882
8 10 7 12 -1.55168 47.2182 -1.5515226 47.2182157 339037605
43 10 7 12 -1.55164 47.2174 -1.5517343 47.2175723 339037617
15 5 16 20 -1.53899 47.2234 -1.5387075 47.2234818 336115364
9 10 7 10 -1.54276 47.2271 -1.5425873 47.2271465 277456640
45 5 9 12 -1.54874 47.2056 -1.548809 47.2057185 4212687165
35 10 9 12 -1.56898 47.2143 -1.5690656 47.2143985 305744185
4 10 12 14 -1.56367 47.2234 -1.5648414 47.2243653 289440000
4 5 7 10 -1.55839 47.217 -1.5572152 47.2175279 3383262061
3 10 16 20 -1.54522 47.2111 -1.5450286 47.2111413 293255550
20 10 7 12 -1.55215 47.204 -1.5519306 47.2039936 3389149395
36 10 12 14 -1.54987 47.2131 -1.5505183 47.2129384 292687575
30 5 9 12 -1.5687 47.2118 -1.5693164 47.2117256 296394114
29 5 7 10 -1.56523 47.2185 -1.5653143 47.2185256 3157800969
17 10 16 20 -1.54899 47.2061 -1.5489779 47.2062792 360242860
29 10 12 14 -1.56425 47.212 -1.5646666 47.2117554 292302287
25 10 9 12 -1.54709 47.2168 -1.5468487 47.2165498 597296096
25 5 7 10 -1.55562 47.2171 -1.5555502 47.2171345 2483837221
28 5 6 9 -1.54534 47.2203 -1.5451166 47.2202201 1559771676
0.0 616 450 424 578 579 476 480 528 661 652 503 656 446 539 447 523 416 509 600 647 532 453 539 581 545 317 435 497 546 583 518 611 551 543 662 690 365 592 674 525 447 360 463 558 616 369 552 540 518 603 
611 0.0 278 252 94 28 401 209 139 196 178 133 228 255 85 182 272 185 275 73 150 106 274 144 44 178 293 336 278 183 42 123 224 163 161 279 233 267 108 98 125 275 259 193 170 31 246 164 219 123 232 
447 278 0.0 28 236 241 163 57 190 245 260 165 219 40 202 98 84 85 76 263 309 195 194 200 243 216 130 129 61 217 245 179 174 202 194 225 254 103 250 336 187 6 114 92 225 278 83 203 112 179 166 
436 273 25 0.0 257 236 189 66 207 271 286 182 245 21 218 124 98 74 102 279 304 203 183 196 239 242 119 155 86 243 240 175 200 208 200 251 279 92 271 331 183 22 103 80 251 273 71 228 138 175 192 
587 101 240 244 0.0 66 385 209 91 254 236 85 271 255 40 142 272 185 275 61 222 67 180 144 95 84 268 327 278 89 93 123 226 164 162 282 291 254 14 182 125 246 219 193 75 101 237 78 219 123 234 
582 37 250 224 66 0.0 372 181 111 188 170 105 219 227 57 154 244 157 247 72 163 78 246 116 28 150 265 308 249 155 27 95 198 135 133 253 225 238 80 118 97 247 231 165 141 37 218 136 191 95 206 
485 420 176 201 394 382 0.0 212 349 351 337 324 325 213 360 257 240 220 147 421 450 349 274 342 385 366 169 117 200 368 386 321 280 341 333 225 282 182 409 477 329 178 193 247 380 419 172 361 251 321 274 
490 220 99 123 220 183 202 0.0 170 243 256 145 217 101 176 131 74 65 77 240 251 149 208 143 186 233 173 182 79 234 187 122 172 155 147 223 252 147 234 278 129 101 157 34 239 220 126 195 110 122 164 
572 153 225 228 66 116 370 206 0.0 302 285 70 302 250 75 126 269 182 272 120 279 89 174 175 145 77 253 311 274 82 143 154 257 194 192 312 338 239 80 235 147 231 203 189 69 153 222 25 222 154 265 
673 217 296 314 256 189 357 271 257 0.0 15 242 79 303 247 274 270 247 337 262 179 224 367 150 169 335 355 398 332 340 171 154 104 115 135 134 69 329 270 224 142 298 327 255 327 226 308 283 189 154 113 
670 215 288 312 253 187 342 269 255 17 0.0 240 77 295 244 272 262 245 325 260 165 222 365 148 167 333 353 393 324 338 169 152 97 113 133 119 54 327 268 222 140 290 325 253 325 224 306 281 181 152 105 
502 185 155 158 145 148 300 136 95 284 271 0.0 282 180 107 56 199 112 202 168 266 100 173 158 156 131 183 241 204 133 157 137 237 174 172 292 317 168 160 248 133 161 133 119 141 185 152 118 174 137 244 
599 192 218 241 231 165 328 197 207 83 85 191 0.0 226 201 215 193 173 264 238 155 174 293 86 145 285 282 323 255 290 146 96 42 36 56 97 122 255 246 200 93 220 253 181 277 202 235 233 114 96 50 
457 264 28 21 263 227 192 44 213 274 289 188 248 0.0 220 127 77 64 105 283 295 193 205 186 229 245 140 158 89 246 231 165 203 199 191 254 282 113 278 321 173 25 124 67 254 264 93 231 141 165 195 
550 98 203 206 71 61 348 168 53 232 214 48 230 215 0.0 104 232 144 235 94 207 26 221 104 90 131 231 289 237 136 88 83 185 123 121 241 266 217 86 180 84 209 181 152 123 98 200 79 178 83 193 
461 187 98 102 137 150 243 132 98 286 273 73 284 123 109 0.0 182 109 156 170 268 102 133 160 158 117 142 201 159 119 160 139 239 176 174 294 320 128 151 250 136 104 93 116 127 187 111 104 171 139 241 
490 293 42 67 278 256 181 72 233 263 278 208 237 60 244 141 0.0 114 94 306 324 222 237 215 258 259 173 148 79 260 260 194 192 220 212 243 272 146 293 351 202 45 157 107 268 293 126 245 130 194 184 
425 199 93 67 199 162 229 63 149 244 235 124 242 70 155 110 112 0.0 129 219 230 128 172 122 165 212 108 150 131 213 166 101 197 134 126 251 278 81 213 257 108 89 92 47 218 199 61 174 123 101 192 
502 289 72 97 289 252 144 79 239 259 274 214 233 109 245 153 107 134 0.0 309 320 218 249 212 255 270 185 126 95 272 256 191 188 216 208 221 268 158 303 347 198 74 169 114 280 289 138 257 126 191 180 
614 89 267 270 59 75 412 232 118 256 238 112 288 279 64 168 296 209 299 0.0 161 91 240 168 96 135 295 353 301 140 95 147 250 187 185 305 293 281 64 120 149 273 245 216 135 77 264 138 242 147 258 
656 141 289 298 204 138 428 255 241 159 142 226 191 297 195 258 264 231 321 184 0.0 195 351 134 118 288 339 382 323 293 119 138 188 130 140 244 196 313 219 59 126 292 311 239 280 172 292 267 199 138 196 
535 85 188 191 81 47 333 154 61 218 201 45 216 201 26 89 218 131 221 96 193 0.0 206 90 76 138 216 274 223 143 75 69 172 109 107 227 252 202 95 166 71 194 166 138 130 84 185 86 164 69 180 
470 313 234 209 212 278 306 233 215 393 385 203 391 230 246 158 297 201 293 273 380 243 0.0 271 299 170 152 227 290 171 300 250 346 284 276 401 427 137 226 391 258 231 102 217 183 313 132 179 272 250 342 
566 145 215 208 184 118 354 165 151 130 113 135 159 211 145 168 190 141 231 191 108 118 260 0.0 98 229 249 291 233 234 99 41 114 56 66 169 167 222 198 153 36 218 220 148 220 155 202 176 125 41 122 
590 49 257 232 86 20 380 188 131 159 141 124 191 235 77 161 252 164 255 93 134 86 266 123 0.0 170 273 315 257 175 1 102 187 128 139 242 196 246 100 92 104 254 238 172 162 57 225 156 197 102 195 
561 185 223 227 84 150 368 240 115 338 321 125 356 248 125 125 304 216 281 143 304 148 144 229 179 0.0 242 318 284 5 177 208 311 248 246 366 375 228 69 264 205 229 192 224 51 185 223 79 277 208 319 
334 300 157 131 260 263 182 186 210 365 356 185 363 153 222 130 230 123 216 283 351 215 135 243 270 227 0.0 141 204 229 272 222 318 256 248 369 397 70 275 363 230 154 42 170 241 300 76 234 244 222 310 
457 356 102 127 334 318 120 156 285 310 326 260 284 139 297 197 183 156 138 358 378 285 210 278 321 302 141 0.0 126 304 322 257 240 267 259 291 319 118 348 413 265 105 129 191 316 355 108 301 177 257 232 
543 272 115 139 272 235 211 63 222 209 224 197 183 118 228 183 90 117 86 292 276 202 261 195 238 285 226 191 0.0 286 239 174 138 166 158 189 217 199 287 321 182 118 210 97 291 272 178 247 75 174 130 
556 196 218 222 95 161 363 235 110 349 332 120 355 243 136 119 298 211 276 154 315 142 139 228 190 11 237 313 279 0.0 188 207 310 248 245 366 386 223 81 275 200 224 187 219 46 196 218 74 272 207 318 
588 51 256 230 84 18 378 187 129 160 143 122 192 233 75 159 250 163 253 91 135 84 265 122 1 169 271 313 255 174 0.0 101 188 130 139 244 197 244 99 94 103 252 236 170 160 55 224 155 196 101 196 
552 166 202 194 182 139 341 150 142 151 134 127 152 197 136 159 177 127 217 204 129 109 246 21 119 220 235 277 219 225 120 0.0 108 45 53 163 188 208 196 174 27 204 206 134 212 176 188 168 112 0.0 116 
634 237 191 216 276 210 285 174 252 70 86 236 44 198 246 250 165 208 243 283 200 219 328 131 190 330 316 296 227 335 191 141 0.0 81 101 55 80 290 291 245 138 193 288 209 321 247 269 278 84 141 8 
562 168 181 204 207 141 320 161 170 109 111 155 107 189 164 179 156 137 227 213 131 137 256 50 120 248 245 287 218 253 122 59 62 0.0 19 118 143 218 221 176 56 184 216 144 240 178 198 196 78 59 70 
561 170 180 203 209 143 319 160 173 120 122 157 118 188 166 178 155 136 226 216 133 139 255 52 123 250 244 286 217 255 124 61 73 10 0.0 128 154 217 223 178 58 183 215 143 242 180 197 198 84 61 81 
672 293 242 267 332 265 230 230 308 126 119 292 100 254 301 306 221 263 213 338 256 274 383 187 245 385 355 286 266 391 247 196 55 137 156 0.0 64 328 346 300 193 244 339 264 377 302 308 333 140 196 63 
686 269 274 299 308 242 287 258 294 72 54 278 86 282 288 302 249 260 270 315 219 261 380 173 222 372 368 343 311 377 223 182 83 123 142 64 0.0 342 323 277 180 276 340 268 363 279 321 319 167 182 91 
375 274 108 82 234 237 180 137 184 318 310 159 316 104 195 104 181 74 167 257 305 189 109 196 239 201 58 101 163 203 241 175 271 209 201 326 352 0.0 249 332 183 105 42 121 215 274 7 208 197 175 267 
602 115 255 258 14 80 400 224 105 268 251 100 286 270 55 156 287 200 290 75 236 82 195 159 109 70 283 341 292 75 107 138 241 178 176 296 305 269 0.0 196 140 261 233 207 90 115 252 93 233 138 249 
694 91 348 336 185 119 484 293 230 219 201 224 250 339 176 266 323 269 359 144 59 190 366 193 107 269 377 420 361 275 106 197 247 189 199 303 256 351 200 0.0 185 351 343 277 261 114 330 256 258 197 255 
530 162 198 172 154 125 320 128 115 155 138 99 164 175 108 132 188 105 195 177 133 82 224 32 122 193 213 255 197 198 124 29 119 56 64 174 192 186 169 178 0.0 194 184 112 184 162 166 140 123 29 127 
451 276 3 22 239 238 166 55 193 248 263 169 222 38 205 101 81 89 80 266 306 198 198 198 241 219 134 133 64 220 243 177 177 205 197 228 257 107 253 333 185 0.0 118 90 228 275 86 206 115 177 169 
368 257 133 108 218 220 205 162 167 322 314 143 320 129 179 87 206 100 192 240 309 172 93 200 228 185 49 126 188 186 229 179 276 213 205 330 356 35 232 320 187 130 0.0 146 198 257 43 192 201 179 271 
475 205 117 117 204 168 220 29 154 249 241 129 236 120 161 116 92 50 95 225 236 134 193 127 170 217 158 200 97 219 172 106 191 140 132 242 270 131 219 263 114 120 142 0.0 224 205 111 180 128 106 183 
571 186 232 236 85 151 377 249 104 339 322 114 349 258 126 134 313 226 291 144 305 137 153 222 180 57 251 327 293 62 179 201 304 242 240 360 376 237 71 265 194 238 202 233 0.0 186 232 68 266 201 313 
647 36 300 289 92 65 437 246 150 233 215 144 265 292 97 201 309 222 312 42 187 123 272 181 81 167 328 373 314 172 79 160 260 200 198 316 270 303 97 135 162 306 278 229 168 0.0 283 171 256 160 269 
385 267 101 76 236 230 190 131 186 312 303 161 310 97 197 105 174 68 160 258 298 190 111 190 233 203 68 111 162 204 234 169 265 202 194 319 346 42 250 325 176 98 52 115 216 267 0.0 210 191 169 260 
548 152 201 204 68 115 346 182 36 281 264 46 281 226 67 102 245 158 248 128 259 68 150 154 143 74 229 287 250 79 142 133 236 173 171 291 317 215 83 233 126 207 179 165 65 152 198 0.0 198 133 244 
549 230 168 191 232 193 307 148 192 151 167 176 126 176 186 166 143 124 214 250 200 159 244 119 190 268 232 274 205 269 191 112 81 90 82 132 160 205 246 245 125 171 204 132 262 230 185 218 0.0 112 73 
552 166 202 194 182 139 341 150 142 151 134 127 152 197 136 159 177 127 217 204 129 109 246 21 119 220 235 277 219 225 120 0.0 108 45 53 163 188 208 196 174 27 204 206 134 212 176 188 168 112 0.0 116 
625 245 183 207 284 218 289 166 260 78 94 244 52 190 254 242 157 200 235 291 208 227 320 139 198 338 308 288 219 343 199 149 8 89 109 59 87 282 299 253 146 185 280 201 329 255 261 286 76 149 0.0 
0.0 6747 5319 5104 6627 6438 5582 5670 6207 7104 7055 6017 7153 5225 6303 5495 5707 5087 6200 7005 7318 6240 5690 6076 6459 6391 3921 5146 5830 6397 6472 5901 6780 6192 6124 7365 7680 4561 6748 7151 6005 5292 4513 5444 6498 6745 4596 6295 6122 5901 6712 
6663 0.0 2246 2031 785 234 3812 1783 1128 1672 1526 1087 1902 2016 712 1475 2334 1548 2489 610 1333 872 2357 1193 370 1486 2811 3270 2344 1533 356 1018 1865 1357 1311 2489 2166 2431 907 741 1039 2218 2455 1557 1416 261 2145 1270 1788 1018 1933 
5424 2344 0.0 237 2435 2034 1664 473 2043 2044 2208 1852 1828 299 2139 1292 611 839 874 2840 2914 2076 2280 1672 2055 2278 1572 1181 505 2284 2069 1497 1454 1658 1591 2040 2355 1192 2556 2747 1602 49 1399 665 2349 2341 906 2092 935 1497 1387 
5150 2226 215 0.0 2136 1916 1879 445 1715 2259 2423 1525 2043 120 1812 1507 602 566 1089 2513 2796 1633 2007 1555 1937 2493 1298 1396 720 2499 1951 1380 1669 1670 1603 2255 2570 919 2257 2630 1484 187 1126 498 2564 2224 632 2307 1150 1380 1602 
6513 843 2327 2175 0.0 551 3921 1790 596 2148 2003 554 2259 2023 339 1026 2341 1556 2496 698 2560 561 1572 1200 792 700 2699 3102 2352 747 778 1025 1885 1364 1319 2509 2642 2432 121 1913 1046 2376 2006 1564 630 841 1977 498 1795 1025 1952 
6428 309 2012 1797 551 0.0 3578 1549 894 1597 1451 853 1827 1782 478 1241 2100 1314 2255 795 1689 638 2123 959 240 1252 2577 3036 2110 1299 227 784 1644 1123 1077 2268 2090 2197 673 912 805 1984 2221 1323 1182 307 1911 1036 1554 784 1711 
5653 4149 2001 2207 4400 3839 0.0 2425 4007 3371 3243 3817 3155 2269 4104 3257 2577 2488 1607 4805 4719 3555 3293 3477 3860 3995 1861 1053 2196 4001 3874 3302 2781 3349 3282 2157 2616 2143 4521 4552 3407 2020 2350 2618 4102 4147 1998 4057 2626 3302 2521 
5716 1871 849 824 1898 1561 2118 0.0 1477 2032 2178 1287 1816 704 1500 1179 640 602 795 2231 2441 1277 2373 1199 1582 2022 1864 1886 651 2028 1596 1024 1442 1315 1247 2028 2343 1485 2019 2274 1129 868 1691 192 1962 1868 1198 1619 923 1024 1375 
6397 1150 2211 2059 399 841 3805 1655 0.0 2386 2240 438 2352 2179 496 910 2206 1421 2361 1036 2530 599 1426 1293 1081 555 2582 2986 2217 602 1068 1118 1978 1457 1412 2602 2889 2316 520 1753 1054 2260 1889 1429 485 1148 1861 142 1685 1118 2045 
7187 1794 2466 2555 2133 1581 3477 2307 2102 0.0 163 1990 660 2460 2060 2264 2256 2072 3013 2377 1838 1855 3646 1252 1413 2657 3335 3794 2766 2704 1427 1287 874 966 1128 1365 803 2955 2255 1804 1188 2484 3095 2081 2587 1889 2669 2244 1578 1287 942 
7205 1813 2493 2573 2151 1600 3313 2325 2120 145 0.0 2008 678 2487 2078 2282 2283 2090 3063 2395 1413 1873 3664 1270 1431 2676 3353 3469 2793 2722 1445 1305 901 984 1147 1201 639 2973 2273 1822 1206 2511 3113 2099 2605 1907 2687 2263 1605 1305 969 
5958 1522 1772 1620 1200 1212 3366 1217 780 2339 2291 0.0 2321 1741 876 471 1768 982 1922 1578 2553 813 2002 1312 1257 1103 2144 2547 1778 1109 1271 1137 1947 1427 1381 2571 2858 1877 1321 1950 1080 1821 1451 990 1175 1519 1422 918 1426 1137 2075 
6548 1592 1795 1916 1931 1379 3156 1668 1661 693 746 1549 0.0 1789 1636 1813 1585 1434 2374 2175 1635 1413 3008 721 1211 2216 2696 2771 2095 2263 1224 787 317 305 468 941 1228 2317 2052 1602 776 1813 2457 1442 2146 1687 2030 1803 931 787 384 
5271 2084 215 120 2111 1774 1880 324 1690 2260 2424 1500 2044 0.0 1713 1508 481 423 1090 2444 2654 1490 2127 1412 1795 2494 1419 1397 721 2499 1809 1237 1670 1528 1460 2256 2571 1040 2232 2487 1342 188 1246 451 2565 2081 753 2308 1151 1237 1603 
6333 823 2147 1995 587 513 3741 1451 415 1966 1820 374 1920 1684 0.0 846 2002 1216 2157 964 2059 222 2376 861 754 971 2518 2922 2013 1017 740 686 1546 1025 979 2170 2457 2252 708 1425 707 2196 1825 1225 900 821 1797 558 1456 686 1613 
5552 1542 1301 1149 1142 1232 2895 1190 800 2360 2311 610 2342 1269 896 0.0 1912 956 2105 1598 2574 833 1596 1332 1278 985 1738 2141 1806 991 1291 1157 1968 1447 1401 2592 2879 1471 1263 1970 1100 1350 1045 964 1057 1540 1016 799 1469 1157 2049 
5780 2443 356 562 2791 2133 1815 572 2399 2196 2359 2209 1979 457 2495 1649 0.0 833 1025 3197 3013 1850 2636 1772 2154 2634 1928 1332 656 2640 2168 1597 1605 1810 1742 2191 2506 1549 2913 2846 1701 375 1755 765 2706 2441 1262 2449 1086 1597 1538 
5114 1660 697 482 1687 1350 2541 583 1266 2017 1968 1076 1999 467 1289 969 754 0.0 1289 2020 2230 1067 1970 989 1371 1811 1262 1721 1144 1817 1385 814 1625 1104 1037 2268 2536 883 1808 2064 918 669 1089 357 1751 1658 596 1409 1035 814 1615 
6178 2597 790 997 2624 2287 1561 815 2204 2214 2378 2013 1998 1059 2227 2047 967 1328 0.0 2958 3167 2004 3034 1926 2308 3032 2326 1264 832 3038 2322 1751 1624 1828 1760 1991 2525 1947 2745 3001 1855 809 2153 1008 3104 2595 1660 2847 1105 1751 1557 
7060 822 2874 2722 688 822 4468 2178 1143 2308 2162 1102 2538 2411 727 1573 2729 1944 2884 0.0 1862 950 2261 1588 952 1362 3246 3649 2740 1409 938 1413 2273 1753 1707 2897 2802 2979 598 1215 1434 2924 2553 1952 1319 717 2524 1187 2184 1413 2341 
7391 1317 2751 2759 1859 1307 4211 2511 2306 1704 1558 2194 1934 2746 1786 2468 2542 2276 3217 2191 0.0 1763 3850 1456 1139 2560 3539 3998 3072 2607 1152 1491 1908 1422 1480 2532 2198 3159 1980 492 1392 2770 3299 2285 2490 1578 2873 2448 1997 1491 1975 
6213 708 2027 1875 678 399 3621 1336 488 1852 1706 358 1805 1569 222 726 1888 1102 2042 995 1944 0.0 2257 746 639 1044 2399 2802 1898 1091 626 571 1431 911 865 2055 2342 2132 799 1311 592 2077 1706 1110 974 706 1677 631 1342 571 1499 
5773 2755 2452 2237 1911 2463 3532 2658 1822 3919 3869 1799 3901 2358 2081 1886 3209 2220 3333 2609 4132 2631 0.0 2890 3075 1566 1958 2712 3362 1571 3089 2715 3527 3006 2938 4169 4438 1692 2032 3767 2820 2424 1265 2432 1673 2753 1595 1568 2937 2715 3517 
6300 1198 1795 1668 1537 985 3255 1420 1216 1124 978 1104 1326 1653 1191 1378 1586 1186 2126 1781 1241 968 2760 0.0 816 1771 2448 2908 1982 1818 830 341 952 466 524 1576 1618 2069 1658 1208 301 1814 2209 1194 1701 1292 1782 1358 1041 341 1019 
6490 415 2073 1858 720 168 3640 1610 1062 1356 1210 995 1586 1843 646 1303 2161 1376 2316 964 1448 699 2292 1020 0.0 1421 2638 3097 2172 1467 13 845 1549 1063 1121 2173 1850 2259 841 692 866 2046 2282 1384 1350 475 1972 1204 1638 845 1616 
6425 1658 2356 2204 884 1436 3950 2104 850 3033 2887 940 3143 2325 1223 1055 2655 1869 3160 1442 3304 1134 1283 2084 1676 0.0 2611 3365 2861 46 1663 1909 2769 2249 2203 3393 3527 2344 763 2657 1580 2405 1918 1877 436 1655 2248 596 2186 1909 2837 
3999 3027 1658 1443 2706 2718 1921 2009 2285 3607 3557 2095 3492 1564 2382 1573 2046 1426 2539 3083 3820 2319 1768 2578 2763 2470 0.0 1485 2169 2476 2777 2403 3119 2694 2626 3704 4019 908 2827 3455 2508 1631 591 1783 2577 3025 935 2373 2624 2403 3051 
5322 3362 990 1196 3495 3053 1080 1432 3024 2725 2888 2834 2508 1259 3120 2353 1571 1702 1311 3822 3625 2769 2507 2691 3073 3209 1530 0.0 1185 3214 3087 2516 2135 2339 2271 2720 3035 1356 3616 3766 2620 1009 1563 1625 3316 3360 1211 3152 1616 2516 2067 
6201 2356 935 910 2383 2046 2144 574 1962 1740 1904 1772 1524 789 1985 1664 726 1087 820 2716 2640 1763 2859 1624 2067 2507 2349 1912 0.0 2513 2081 1510 1150 1354 1287 1736 2051 1970 2504 2607 1614 954 2177 767 2447 2354 1684 2105 631 1510 1083 
6379 1755 2309 2157 981 1533 3903 2057 803 3130 2984 893 2831 2278 1320 1008 2608 1822 3113 1539 3401 1088 1237 1772 1773 97 2564 3318 2814 0.0 1760 1597 2457 1937 1891 3081 3624 2298 860 2754 1533 2359 1871 1830 389 1753 2201 549 2139 1597 2525 
6476 429 2059 1844 706 154 3626 1597 1049 1369 1224 981 1599 1829 633 1289 2148 1362 2302 950 1462 685 2278 1007 13 1407 2624 3084 2158 1454 0.0 832 1563 1077 1125 2187 1863 2245 827 705 852 2032 2269 1370 1337 462 1959 1191 1602 832 1630 
6144 1373 1685 1512 1481 1160 3145 1265 1144 1299 1154 1032 1272 1497 1119 1306 1476 1030 1970 1859 1416 896 2604 175 991 1699 2292 2752 1826 1746 1005 0.0 898 377 415 1522 1809 1913 1603 1383 229 1704 2053 1038 1629 1467 1627 1286 931 0.0 965 
6862 1966 1591 1797 2305 1753 2838 1403 2035 590 753 1923 373 1585 2010 2127 1381 1748 2260 2549 2009 1787 3321 1095 1585 2590 3010 2567 1891 2637 1598 1161 0.0 679 842 623 910 2631 2426 1976 1150 1609 2771 1596 2520 2060 2344 2177 703 1161 67 
6242 1389 1489 1610 1728 1176 2948 1363 1355 912 965 1243 894 1483 1330 1507 1279 1128 2068 1972 1432 1108 2702 416 1007 1910 2390 2465 1789 1957 1021 481 520 0.0 162 1144 1431 2011 1849 1399 470 1507 2151 1136 1840 1483 1725 1497 625 481 588 
6145 1406 1391 1513 1745 1193 2851 1265 1372 1003 1056 1260 984 1386 1347 1410 1182 1031 1971 1989 1449 1125 2604 433 1025 1927 2293 2367 1691 1974 1038 498 611 90 0.0 1234 1522 1914 1866 1416 487 1410 2054 1039 1857 1500 1627 1514 673 498 678 
7745 2590 2357 2564 2929 2377 2214 2027 2659 1214 1189 2547 997 2209 2634 2751 2005 2371 1964 3172 2633 2411 3945 1719 2208 3214 3893 2605 2553 3261 2222 1785 623 1303 1466 0.0 562 3514 3050 2600 1774 2376 3720 2220 3144 2684 3227 2801 1327 1785 691 
7486 2440 2502 2708 2778 2227 2673 2314 2599 772 627 2487 938 2496 2575 2752 2292 2372 2423 3022 2040 2352 3946 1660 2058 3155 3635 3064 2802 3201 2072 1726 910 1244 1407 562 0.0 3255 2900 2449 1715 2520 3395 2381 3084 2534 2969 2742 1614 1726 978 
4561 2618 970 755 2297 2309 1989 1321 1876 2756 2706 1686 2737 876 1973 1164 1358 738 1851 2674 2969 1910 1359 1727 2110 2061 709 1168 1819 2067 2123 1552 2364 1843 1775 3006 3275 0.0 2418 2802 1657 943 536 1095 2168 2616 63 1964 1773 1552 2354 
6634 965 2448 2296 121 673 4042 1911 717 2270 2124 676 2380 2144 460 1147 2462 1677 2617 819 2681 683 1693 1321 913 764 2820 3223 2473 811 900 1146 2006 1486 1440 2630 2763 2553 0.0 2034 1167 2498 2127 1685 751 963 2098 619 1917 1146 2074 
7363 762 3244 2732 1548 996 4513 2484 1890 2196 2051 1849 2426 2716 1475 2176 3035 2249 3189 1254 492 1573 3120 1949 900 2249 3511 3971 3045 2296 887 1983 2401 1915 1973 3025 2690 3132 1669 0.0 1885 3263 3156 2258 2179 957 2846 2033 2490 1983 2468 
5998 1342 1581 1366 1252 1032 3148 1119 914 1331 1185 802 1367 1351 889 1076 1571 884 1824 1629 1448 666 2458 270 1023 1469 2146 2606 1680 1516 1037 241 994 473 510 1617 1825 1767 1373 1415 0.0 1554 1907 892 1399 1340 1481 1056 1027 241 1061 
5451 2325 27 187 2463 2015 1692 454 2070 2072 2235 1880 1855 280 2166 1320 592 866 901 2868 2895 2103 2307 1653 2036 2305 1599 1208 532 2311 2050 1478 1482 1686 1618 2067 2382 1220 2584 2728 1583 0.0 1426 646 2377 2323 933 2120 963 1478 1414 
4507 2436 1380 1165 2114 2126 2399 1754 1694 3015 2965 1503 2997 1286 1790 982 1768 1148 2261 2492 3228 1727 1177 1986 2171 1878 692 1579 2229 1884 2185 1811 2623 2102 2035 3266 3534 426 2235 2864 1916 1353 0.0 1528 1985 2433 490 1782 2033 1811 2613 
5523 1677 1029 891 1704 1368 2298 268 1284 2035 1985 1094 1995 883 1307 986 820 408 974 2038 2248 1084 2180 1006 1389 1829 1671 2130 830 1834 1402 831 1622 1122 1054 2207 2522 1291 1826 2081 935 1048 1498 0.0 1769 1675 1005 1426 1052 831 1554 
6489 1584 2419 2267 810 1362 4014 2167 754 2959 2813 844 2782 2388 1149 1118 2718 1932 3223 1369 3231 1039 1347 1724 1603 476 2674 3428 2924 523 1589 1549 2409 1888 1842 3032 3453 2408 689 2584 1484 2469 1982 1941 0.0 1582 2311 500 2091 1549 2476 
7302 307 3116 2339 931 541 4120 2091 1385 1980 1834 1344 2210 2323 969 1815 2642 1856 2797 349 1641 1192 2503 1501 678 1604 3488 3578 2652 1651 664 1326 2173 1665 1619 2797 2474 2739 840 1048 1347 3166 2795 1865 1561 0.0 2453 1429 2096 1326 2241 
4696 2285 856 641 2311 1975 2124 1208 1891 2642 2592 1701 2624 762 1987 1179 1244 624 1737 2689 2855 1924 1374 1613 1996 2075 844 1304 1362 2081 2010 1438 2250 1729 1661 2892 3161 465 2433 2688 1543 829 672 981 2183 2282 0.0 1979 1660 1438 2240 
6302 1226 2115 1963 408 917 3710 1560 253 2315 2169 343 2281 2084 513 814 2111 1325 2266 1214 2432 538 1290 1223 1158 535 2487 2891 2122 582 1144 1048 1908 1387 1341 2531 2819 2221 529 1829 983 2165 1794 1334 465 1224 1765 0.0 1590 1048 1975 
6159 1874 1406 1527 1866 1565 2865 1279 1529 1264 1427 1417 1047 1400 1504 1424 1196 1045 1985 2235 2007 1281 2619 990 1582 2267 2307 2382 1706 2273 1596 897 674 721 653 1259 1574 1928 1988 1974 1045 1424 2068 1053 2014 1872 1641 1671 0.0 897 606 
6144 1373 1685 1512 1481 1160 3145 1265 1144 1299 1154 1032 1272 1497 1119 1306 1476 1030 1970 1859 1416 896 2604 175 991 1699 2292 2752 1826 1746 1005 0.0 898 377 415 1522 1809 1913 1603 1383 229 1704 2053 1038 1629 1467 1627 1286 931 0.0 965 
6795 2033 1523 1730 2372 1820 2867 1336 2102 657 820 1990 440 1518 2077 2060 1314 1680 2193 2616 2076 1854 3254 1162 1652 2657 2943 2500 1824 2704 1665 1228 67 746 909 652 967 2563 2493 2043 1217 1542 2703 1529 2587 2128 2277 2244 636 1228 0.0 
