-1.57586 47.2563 -1.575891 47.2564625 524678784
1
100 
50
41 10 12 14 -1.53636 47.2218 -1.5361017 47.2215143 297686608
24 10 6 9 -1.5554 47.2053 -1.5554992 47.2052056 789716785
20 5 14 17 -1.56362 47.2161 -1.5639037 47.2159076 1566284636
15 10 6 9 -1.55342 47.2229 -1.5533684 47.2228405 289490500
31 10 7 12 -1.54935 47.212 -1.5498706 47.2117678 279635052
10 5 7 10 -1.56066 47.2271 -1.5609572 47.2273533 285972391
17 5 16 20 -1.55834 47.2162 -1.558366 47.2155435 315857226
29 10 7 10 -1.55243 47.212 -1.5525499 47.212175 1938911673
17 10 14 17 -1.56733 47.214 -1.5673574 47.2138754 301893484
24 10 6 9 -1.53875 47.2202 -1.5391814 47.2199711 315774905
8 5 7 10 -1.53845 47.2028 -1.5377468 47.2025022 652575505
37 5 6 9 -1.5484 47.2023 -1.5483481 47.2021997 360242913
19 5 12 14 -1.55689 47.2256 -1.5573741 47.2254072 289487116
24 10 7 10 -1.56762 47.2168 -1.5673335 47.2168385 294029971
11 10 9 12 -1.56175 47.2282 -1.5615875 47.2280699 120180363
14 10 9 12 -1.55441 47.2146 -1.5552377 47.2141132 3401509544
26 5 7 12 -1.55409 47.2155 -1.5558105 47.2147522 2417854706
9 10 9 12 -1.55213 47.2174 -1.5518625 47.2176254 339037610
19 5 7 10 -1.55551 47.2238 -1.5557601 47.2241367 617529904
12 10 7 10 -1.53353 47.2197 -1.5330055 47.2197715 1968204000
8 10 7 12 -1.55042 47.2189 -1.5503685 47.2190188 281121875
41 10 16 20 -1.56577 47.2042 -1.56588 47.2041241 2870930675
37 10 9 12 -1.55923 47.214 -1.5596041 47.2150027 1652977881
2 10 16 20 -1.54648 47.213 -1.5464353 47.2133246 279635054
28 10 9 12 -1.54522 47.2111 -1.5450286 47.2111413 293255550
10 5 7 12 -1.54912 47.2201 -1.5492266 47.2200708 571479563
9 10 7 12 -1.55501 47.2158 -1.5563585 47.2157498 2417854717
12 10 14 17 -1.55874 47.2073 -1.5585759 47.207243 796929175
31 10 7 12 -1.55157 47.2208 -1.5514647 47.2209031 290215540
49 10 9 12 -1.56532 47.2222 -1.5651534 47.2221917 287952526
39 10 7 12 -1.55383 47.2053 -1.5539382 47.2053714 1395099948
10 5 7 10 -1.56184 47.2123 -1.5616218 47.2122012 292679470
65 10 12 14 -1.56113 47.2158 -1.560867 47.2155924 1976600453
21 5 14 17 -1.54461 47.2254 -1.5446801 47.225178 302423969
9 10 7 10 -1.54836 47.2208 -1.5487105 47.2205479 336121942
30 10 9 12 -1.55937 47.2219 -1.5592456 47.2219182 120165974
37 5 7 12 -1.54722 47.2219 -1.5470553 47.2219987 4932198402
12 10 7 10 -1.56501 47.2148 -1.5651713 47.2147869 296394097
11 5 16 20 -1.56216 47.2067 -1.5620824 47.2065982 1239125435
8 10 12 14 -1.53565 47.221 -1.5361017 47.2215143 297686608
23 10 9 12 -1.54109 47.2037 -1.5411191 47.2035121 1649200888
26 10 7 10 -1.55384 47.2182 -1.5539675 47.2181433 1205616375
24 10 7 10 -1.56576 47.2145 -1.5655597 47.2144118 296394098
17 10 12 14 -1.54623 47.2115 -1.5454809 47.2117186 292842869
9 10 7 10 -1.53891 47.208 -1.5387377 47.2080015 2051196285
6 10 7 10 -1.55256 47.2147 -1.5523005 47.2133318 1937262182
8 5 14 17 -1.57001 47.2103 -1.5700136 47.2104313 305744073
29 10 6 9 -1.55754 47.2206 -1.557133 47.2207131 257080492
26 5 6 9 -1.55601 47.2151 -1.5560491 47.2150388 2417854710
5 5 16 20 -1.55091 47.2102 -1.5504649 47.2095098 292842827
0.0 550 556 419 366 531 275 428 481 429 536 677 604 313 384 268 445 451 407 359 580 409 600 453 528 560 460 446 571 392 370 562 472 437 473 452 339 478 420 569 550 637 398 429 551 630 463 504 352 448 521 
551 0.0 319 338 257 267 287 265 252 379 86 347 324 279 383 294 239 249 196 292 49 159 381 300 224 206 138 254 342 187 347 308 327 313 140 130 260 114 357 379 0.0 317 206 366 213 267 221 428 242 253 250 
580 334 0.0 197 276 165 306 175 124 187 299 157 59 297 233 313 139 149 207 344 312 232 62 167 202 164 324 163 48 265 310 27 146 185 349 316 279 309 200 61 334 117 204 209 175 140 129 179 260 154 112 
402 302 182 0.0 160 199 190 104 149 49 288 327 229 181 62 196 114 123 143 228 352 162 220 60 242 232 253 125 196 184 119 188 71 45 267 245 155 238 18 189 302 287 130 27 239 292 154 133 113 128 189 
380 194 265 156 0.0 239 105 137 189 197 191 385 312 97 201 112 154 160 107 143 244 71 327 168 236 268 93 155 279 41 165 271 202 152 106 85 79 111 175 316 194 345 107 184 260 338 172 282 60 156 229 
524 267 142 190 220 0.0 250 135 45 235 232 209 147 241 252 257 83 93 151 288 239 176 204 144 42 73 261 107 166 209 270 131 150 157 284 253 223 243 204 202 267 169 148 213 64 162 72 264 204 97 53 
274 275 281 165 91 256 0.0 153 206 207 261 401 329 38 211 6 170 176 132 84 325 134 344 178 253 285 185 171 295 116 117 287 219 162 198 177 64 203 184 332 275 362 123 193 276 355 188 291 76 173 246 
434 247 152 89 130 134 160 0.0 84 130 233 280 200 152 150 167 48 58 97 198 296 106 215 37 177 192 198 73 167 119 175 158 65 56 223 190 133 182 99 203 247 240 71 108 189 233 89 184 115 63 124 
479 233 106 145 175 50 205 90 0.0 189 198 195 133 196 207 211 38 48 106 243 236 131 169 99 93 108 223 62 120 164 225 112 105 112 248 215 178 207 159 157 233 156 103 168 105 149 27 219 159 52 40 
417 329 205 57 201 226 231 131 176 0.0 315 342 244 223 46 231 140 150 169 269 379 188 171 87 269 256 280 152 169 214 153 211 94 72 305 273 197 265 30 140 329 302 157 30 262 316 181 100 155 155 216 
570 35 278 296 265 217 295 242 203 343 0.0 351 325 287 358 302 189 199 182 327 79 170 341 251 174 206 149 209 292 197 355 284 277 263 172 141 269 132 312 329 35 317 202 322 198 289 172 390 250 204 243 
664 326 147 310 360 198 390 276 185 332 310 0.0 92 382 363 397 223 233 292 428 282 316 209 279 198 158 338 247 190 349 410 140 259 297 362 330 363 321 313 208 326 36 288 322 165 97 213 327 345 238 145 
601 340 55 218 297 148 327 196 135 240 320 97 0.0 318 271 333 160 170 228 364 295 253 117 187 185 147 345 184 98 285 330 47 167 205 370 337 300 329 221 116 340 58 225 230 157 123 149 235 281 174 95 
312 267 273 161 72 248 38 145 197 202 253 393 320 0.0 206 45 162 168 123 46 316 126 335 173 244 276 166 163 287 108 146 279 210 157 179 158 59 184 180 324 267 353 115 189 268 346 180 287 68 164 237 
372 319 199 34 170 216 193 121 166 44 305 343 246 190 0.0 186 130 140 159 237 369 178 215 77 259 249 263 142 213 194 108 204 87 62 277 255 165 254 35 184 319 304 147 44 255 309 170 128 123 145 206 
267 282 288 172 98 263 6 160 212 213 268 408 335 45 209 0.0 177 183 139 91 331 141 351 184 260 292 191 178 302 123 110 294 226 168 205 183 70 210 191 339 282 369 130 200 283 362 195 298 83 179 253 
446 232 129 106 142 104 172 52 54 153 197 249 177 164 169 179 0.0 9 83 210 251 102 192 61 147 162 194 24 143 131 186 135 89 74 219 186 145 179 123 180 232 210 72 132 159 203 41 207 127 14 94 
436 235 131 96 132 106 162 42 56 143 209 251 179 154 159 169 20 0.0 75 200 263 94 194 51 149 164 186 14 145 121 176 137 79 64 211 178 135 171 113 182 235 212 64 122 161 205 54 198 117 4 96 
399 165 194 173 95 169 125 91 119 217 151 314 242 116 221 131 94 84 0.0 163 215 24 257 128 152 184 116 79 208 83 185 200 156 140 141 109 98 101 189 245 165 275 32 199 176 267 88 274 79 81 159 
396 246 299 190 52 274 122 171 223 231 243 419 346 86 235 129 188 194 149 0.0 296 123 361 203 270 302 145 189 313 93 199 305 236 186 158 137 113 164 209 350 246 379 141 218 294 372 206 316 94 190 263 
596 44 296 331 301 246 331 277 238 378 71 324 302 322 394 337 225 234 218 336 0.0 204 359 286 209 184 183 244 321 231 390 286 312 299 184 175 304 159 348 357 44 294 237 357 191 245 207 405 285 239 228 
414 140 209 188 110 184 140 106 134 232 126 329 257 131 236 146 109 99 36 178 190 0.0 272 142 167 199 92 94 223 59 199 215 170 155 116 84 113 76 204 260 140 290 46 213 191 282 103 289 94 95 174 
620 401 88 260 343 232 373 242 191 203 366 224 126 364 249 380 206 216 274 411 379 299 0.0 234 269 231 391 230 113 332 356 94 203 252 416 383 346 376 233 87 401 184 271 233 242 207 196 195 327 221 179 
453 276 154 51 167 173 197 65 123 101 262 299 201 188 113 204 87 97 116 235 325 135 217 0.0 216 204 227 99 168 161 143 160 56 19 252 219 162 211 70 205 276 259 103 79 211 265 127 174 121 101 163 
551 246 177 217 247 42 277 163 79 262 222 210 182 269 279 284 110 120 179 315 201 203 239 172 0.0 41 250 135 193 236 297 167 178 184 274 242 250 233 231 230 246 175 176 240 32 148 100 286 232 125 96 
574 210 135 219 270 65 300 185 102 230 194 174 141 291 273 306 133 143 196 338 166 221 198 189 43 0.0 222 157 160 258 320 125 169 207 246 214 273 205 222 196 210 140 198 231 10 113 122 244 254 147 67 
423 135 231 199 118 205 148 127 155 240 121 351 278 140 244 155 131 120 57 186 185 21 293 164 188 220 0.0 115 245 48 208 236 191 176 111 77 122 71 218 282 135 311 68 227 212 303 124 310 103 117 195 
422 222 150 115 118 124 148 60 74 161 208 270 197 139 177 155 38 34 62 186 270 81 212 69 167 182 173 0.0 164 107 194 156 97 82 198 165 121 157 131 201 222 230 50 140 179 223 65 216 102 29 114 
571 325 54 188 267 165 297 166 115 169 290 199 101 289 216 304 130 140 199 335 317 223 85 158 207 168 315 155 0.0 256 301 60 138 176 340 308 270 300 191 36 325 159 195 200 179 173 120 162 252 145 116 
410 163 238 186 106 213 136 130 163 228 149 359 286 127 232 142 133 123 65 174 213 29 301 166 196 228 114 118 252 0.0 196 244 194 179 139 106 109 98 205 289 163 319 70 214 220 311 132 312 90 119 203 
379 336 277 110 152 258 162 170 207 151 322 403 324 158 116 169 172 182 192 204 385 195 323 137 300 315 246 183 291 177 0.0 283 181 121 259 238 133 264 129 292 336 363 184 138 312 356 212 236 106 186 247 
556 310 10 173 252 138 282 151 100 195 275 155 57 273 226 288 115 125 183 320 285 208 72 142 175 137 300 139 53 240 285 0.0 122 160 325 292 255 284 176 71 310 115 180 185 147 113 104 190 236 129 85 
514 304 111 121 229 144 259 99 93 142 269 255 158 251 175 266 87 97 171 297 299 190 173 91 187 161 282 111 125 218 233 116 0.0 109 306 274 230 266 124 159 304 216 159 133 168 221 98 157 188 101 133 
434 331 215 32 165 228 195 137 178 82 317 359 262 187 94 202 142 152 171 233 381 190 253 93 271 265 259 154 229 190 124 220 103 0.0 272 251 161 266 51 222 331 320 158 60 271 325 182 166 119 156 218 
476 118 303 272 191 273 217 199 227 313 140 407 350 188 317 224 203 193 130 201 168 93 366 236 230 262 72 188 317 121 281 309 264 249 0.0 64 194 40 290 354 118 373 140 300 254 345 196 383 175 189 268 
431 127 238 207 126 213 156 135 163 248 113 359 286 148 252 163 138 128 65 194 177 29 301 172 195 227 7 123 252 56 216 244 199 184 103 0.0 130 62 226 289 127 319 75 235 218 309 132 318 111 125 203 
398 277 254 101 94 235 124 148 184 143 263 380 301 115 147 130 149 159 134 162 327 136 314 114 255 287 187 160 268 118 86 260 162 98 201 179 0.0 206 120 283 277 340 125 129 278 333 189 227 47 163 224 
455 114 263 231 151 233 181 159 187 273 100 367 310 172 277 187 163 153 90 206 164 53 325 196 190 222 32 148 277 80 241 269 224 209 40 24 154 0.0 250 314 114 333 100 259 214 305 156 343 135 149 227 
420 299 178 26 186 196 216 101 145 30 285 323 225 208 58 223 110 120 139 254 348 158 201 56 239 228 250 122 192 183 146 184 67 41 275 242 182 234 0.0 170 299 283 126 9 235 289 150 114 140 124 186 
557 362 89 198 304 202 334 203 152 140 327 225 127 325 187 341 167 177 235 372 353 260 56 195 243 205 352 191 36 293 293 94 140 194 377 344 307 337 171 0.0 362 185 232 171 216 208 157 133 288 181 153 
551 0.0 319 338 257 267 287 265 252 379 86 347 324 279 383 294 239 249 196 292 49 159 381 300 224 206 138 254 342 187 347 308 327 313 140 130 260 114 357 379 0.0 317 206 366 213 267 221 428 242 253 250 
628 304 111 274 324 162 354 240 149 296 287 39 56 345 327 361 187 197 256 392 259 280 173 243 176 136 316 211 154 313 374 104 223 261 339 308 327 299 277 172 304 0.0 252 286 142 75 177 291 309 202 109 
401 185 180 151 97 155 127 69 105 198 171 300 228 118 213 133 73 62 38 165 235 44 243 106 159 191 136 57 195 85 187 186 134 118 161 128 100 121 167 231 185 261 0.0 176 182 254 92 252 81 59 145 
431 328 175 56 215 208 245 101 157 37 314 319 222 237 67 245 128 138 168 283 363 187 208 75 251 225 279 151 189 213 167 181 64 71 304 272 211 264 29 177 328 280 156 0.0 232 285 162 124 169 142 197 
563 219 144 228 259 55 289 175 91 239 203 183 149 281 282 296 123 132 191 327 175 216 207 184 33 9 231 147 169 248 309 134 178 197 255 223 262 214 231 205 219 149 188 240 0.0 122 112 253 244 137 76 
625 252 168 294 321 146 351 264 180 304 236 157 172 342 348 358 212 221 238 389 208 263 231 264 125 84 264 236 211 310 398 158 243 282 288 256 324 247 297 229 252 123 258 306 91 0.0 201 319 305 226 142 
466 205 106 145 161 81 191 90 31 189 170 226 153 183 207 198 38 48 78 229 214 103 169 99 111 139 195 62 120 150 224 112 105 112 220 187 165 180 159 157 205 187 91 168 134 180 0.0 218 146 52 71 
499 414 204 141 286 274 316 196 223 102 398 340 242 307 126 313 215 224 254 353 393 273 169 171 295 254 365 236 167 298 235 210 150 156 389 357 281 349 114 138 414 300 241 115 261 323 228 0.0 239 229 246 
350 229 235 96 46 210 76 107 160 137 215 355 283 67 141 83 124 130 86 114 279 88 298 108 207 239 139 125 249 70 120 241 157 92 153 132 41 158 115 277 229 316 77 124 230 309 142 222 0.0 127 200 
432 231 127 92 128 102 158 38 51 139 213 247 174 149 154 164 16 26 72 196 266 91 190 47 145 160 183 9 141 117 172 133 74 59 207 175 131 167 108 178 231 207 59 117 157 201 56 193 112 0.0 92 
519 273 88 185 215 53 245 131 40 222 238 155 93 237 247 252 78 88 147 283 228 171 150 140 96 68 263 103 112 204 265 78 146 152 288 256 218 248 199 149 273 115 143 208 78 108 68 237 200 93 0.0 
0.0 5885 6555 5447 4667 5966 3604 5186 5634 5535 6086 7855 7155 4052 5106 3511 5327 5354 4981 4438 7370 5029 7029 5188 5936 6282 5445 5312 6554 4878 4469 6636 5870 5072 5638 5380 4255 5729 5459 6690 5885 7506 4939 5510 6209 7341 5479 6161 4546 5326 5969 
6667 0.0 3454 3002 2332 2100 2881 2397 2118 3346 718 3307 3700 2681 3593 2973 1965 2048 1817 2624 413 1514 4261 2459 1788 2036 1337 2276 3038 1742 3064 3311 2759 2575 1232 1272 2357 1137 3159 3345 0.0 3063 1903 3210 2093 2433 1849 4515 2200 2084 2639 
6741 3117 0.0 1917 2593 1500 3142 1718 1372 1776 2825 1868 712 2942 2161 3234 1490 1573 2030 3329 3206 2238 807 1650 1677 1527 3003 1692 432 2495 2845 274 1510 1805 3282 2937 2618 2872 1943 698 3117 1519 1996 1994 1614 1646 1401 1765 2461 1610 1141 
5225 2704 1763 0.0 1331 1588 1880 834 1256 411 2406 3519 2363 1681 732 1973 949 1033 1162 2067 3118 1348 1906 503 1900 2390 2110 1031 1763 1532 996 1844 568 379 2303 2044 1290 1983 157 1566 2704 3170 1079 208 2446 2947 1285 1249 941 1069 1591 
4781 1841 2511 1304 0.0 1922 1182 1142 1590 1648 1593 3811 3111 983 1895 1275 1283 1310 893 1370 2255 589 3318 1388 1892 2238 778 1268 2510 347 1366 2592 1662 1272 971 712 659 1061 1461 2817 1841 3462 895 1512 2165 3297 1435 2486 502 1282 1925 
5873 2191 1340 1505 1726 0.0 2274 1053 291 1733 1899 2244 1587 2075 2237 2367 622 705 1162 2461 2179 1370 2148 1117 312 506 2134 824 1492 1627 2163 1197 1213 1233 2403 2069 1750 1993 1646 1799 2191 1895 1128 1697 431 1730 533 2204 1593 742 358 
3598 2780 2950 1499 1062 2361 0.0 1581 2029 1843 2481 4251 3551 447 2090 92 1723 1749 1376 833 3193 1424 3757 1583 2331 2677 1841 1707 2950 1274 1018 3031 2101 1467 2034 1775 651 2124 1656 3257 2780 3902 1334 1707 2604 3737 1874 2682 941 1721 2365 
5237 2240 1517 728 1089 1046 1638 0.0 714 1046 1942 2935 2117 1438 1427 1730 407 490 781 1825 2654 885 2324 297 1358 1538 1650 610 1517 991 1456 1598 519 455 1928 1584 1114 1519 792 1824 2240 2586 592 843 1449 2421 743 1443 957 527 1049 
5582 1958 1201 1214 1435 332 1983 762 0.0 1442 1666 2221 1564 1784 1946 2076 331 414 871 2170 2438 1079 2008 826 644 824 1844 533 1201 1336 1872 1282 922 942 2123 1779 1459 1713 1355 1508 1958 1872 837 1406 735 1707 242 1913 1302 451 335 
5349 2927 1826 477 1677 1810 2226 1057 1478 0.0 2628 3629 2473 2026 384 2637 1172 1255 1384 2413 3340 1571 1494 725 2123 2454 2336 1254 1409 1779 1537 1908 632 602 2615 2270 1636 2205 254 1155 2927 3280 1301 227 2510 3011 1507 879 1287 1292 1814 
6363 291 2624 2433 2216 1686 2764 1981 1703 2794 0.0 3011 3225 2565 3165 2857 1550 1633 1492 2899 665 1399 3432 2045 1373 1720 1222 1707 2624 1627 2948 2705 2345 2161 1491 1157 2240 1081 2539 2931 291 2746 1684 2590 1646 2508 1434 3336 2084 1670 2039 
7538 3246 1812 3354 3391 1979 3940 2719 1956 3490 2823 0.0 1100 3740 4015 4032 2288 2371 2828 4127 2875 3036 2620 3087 1856 1558 3058 2490 2179 3293 3829 1711 2947 2899 3326 2992 3416 2917 3380 2511 3246 319 2794 3431 1615 916 2199 3577 3259 2408 1621 
7077 3637 712 2254 2930 1559 3478 2055 1536 2390 3162 1156 0.0 3279 2915 3571 1826 1910 2366 3665 3266 2574 1520 1986 1737 1587 3340 2029 1079 2831 3182 610 1846 2141 3618 3274 2954 3209 2280 1411 3637 807 2332 2331 1674 1644 1737 2477 2798 1946 1201 
4046 2446 2751 1357 604 2162 447 1382 1830 1702 2282 4052 3351 0.0 1949 540 1523 1550 1177 386 2859 1225 3558 1442 2132 2478 1382 1508 2751 1075 1216 2832 1902 1326 1575 1316 509 1666 1515 3057 2446 3703 1135 1566 2405 3538 1675 2540 742 1522 2165 
4929 2899 1958 341 1422 1783 2310 1030 1451 428 2601 3715 2559 1531 0.0 2217 1145 1228 1357 1918 3313 1544 1922 698 2096 2585 2200 1226 1958 1622 1117 2039 763 575 2393 2134 1381 2178 352 1583 2899 3366 1274 403 2642 3143 1480 1266 1032 1265 1787 
3506 2872 3043 1592 1155 2454 92 1674 2122 1936 2574 4344 3643 540 2529 0.0 1815 1842 1469 926 3286 1517 3850 1676 2424 2770 1934 1800 3043 1367 925 3124 2194 1560 2126 1868 743 2217 1749 3349 2872 3995 1427 1800 2697 3830 1967 2774 1034 1814 2457 
5334 1885 1363 882 1187 774 1735 431 442 1243 1594 2664 1964 1536 1615 1828 0.0 83 644 1922 2064 831 2170 494 1086 1267 1596 202 1363 1088 1540 1444 716 610 1874 1530 1211 1465 989 1670 1885 2315 578 1040 1177 2150 324 1639 1054 119 778 
5251 2120 1399 799 1104 810 1652 348 478 1160 1688 2700 2000 1453 1531 1745 172 0.0 578 1839 2158 764 2207 411 1123 1303 1529 119 1399 1005 1457 1481 633 527 1808 1464 1128 1398 905 1706 2120 2351 527 956 1214 2186 424 1556 971 36 814 
4944 1563 1808 1415 797 1220 1345 758 887 1811 1265 3109 2409 1146 2058 1438 760 680 0.0 1532 1977 208 2616 1027 1075 1422 973 638 1808 698 1528 1890 1249 1143 1252 907 821 842 1521 2115 1563 2760 265 1572 1348 2210 618 2172 665 652 1223 
4867 2275 2797 1590 433 2209 1268 1429 1876 1935 2027 4098 3398 720 2182 1361 1570 1597 1224 0.0 2688 1023 3605 1675 2179 2525 1211 1555 2797 781 1653 2879 1949 1559 1404 1146 945 1495 1748 3104 2275 3749 1182 1799 2452 3584 1722 2773 789 1569 2212 
7038 370 3267 2726 2509 2357 3057 2275 1996 3087 597 3120 3514 2858 3459 3150 1844 1927 1785 2979 0.0 1885 4074 2338 1667 1849 1708 2000 3307 2113 3241 3124 2638 2454 1602 1643 2534 1508 2833 3966 370 2876 1978 2884 1906 2246 1727 4328 2377 1963 2452 
5068 1355 2024 1539 920 1435 1469 882 1103 1934 1057 3325 2624 1270 2181 1562 883 804 303 1656 1769 0.0 2831 1150 1291 1637 765 762 2024 494 1652 2105 1373 1267 1043 699 945 634 1645 2330 1355 2976 389 1696 1564 2426 834 2296 788 776 1438 
7183 4014 1063 2311 3491 2397 4039 2616 2269 1833 3723 2766 1610 3840 2218 4132 2387 2471 2927 4226 4104 3135 0.0 2547 2575 2424 3901 2590 1190 3392 3371 1171 1799 2702 4179 3835 3515 3770 2088 903 4014 2417 2893 2061 2511 2544 2298 1822 3359 2507 2039 
5655 2482 1536 430 1390 1366 1938 511 1034 841 2184 3293 2136 1739 1162 2031 728 811 940 2125 2896 1127 2343 0.0 1678 2163 1892 809 1536 1335 1198 1617 445 158 2170 1826 1348 1761 587 1842 2482 2943 857 638 2220 2720 1063 1386 1000 847 1370 
6176 2285 1806 1808 2029 312 2577 1356 676 2036 1810 1784 2052 2378 2540 2670 925 1008 1465 2764 1914 1673 2613 1420 0.0 305 2045 1127 1795 1930 2466 1663 1516 1536 2313 1979 2053 1903 1949 2102 2285 1519 1431 2000 230 1281 836 2867 1896 1045 671 
6401 2043 1500 2287 2254 537 2802 1582 901 2385 1620 1543 1747 2603 2948 2895 1150 1234 1607 2989 1672 1815 2307 2020 327 0.0 1855 1353 1540 2155 2691 1357 1880 2175 2123 1789 2278 1714 2313 2199 2043 1277 1656 2364 87 1040 1061 2561 2122 1270 685 
5142 1281 2200 1664 994 1611 1543 1059 1279 2008 983 3501 2801 1343 2255 1635 1060 981 480 1730 1695 176 3008 1327 1467 1813 0.0 938 2200 404 1726 2282 1549 1443 969 647 1019 560 1821 2507 1281 3152 565 1872 1740 2602 1010 2472 862 952 1615 
5132 2033 1550 950 984 961 1533 498 629 1311 1735 2851 2151 1334 1682 1626 323 264 491 1720 2221 677 2357 562 1274 1454 1443 0.0 1550 886 1608 1631 784 678 1721 1377 1009 1312 1056 1857 2033 2502 408 1107 1365 2337 504 1707 852 230 965 
6524 2900 556 1701 2377 1487 2925 1501 1155 1414 2608 2312 1156 2726 1799 3018 1273 1356 1813 3112 3119 2021 894 1433 1590 1439 2786 1475 0.0 2278 2629 637 1293 1588 3065 2721 2401 2655 1727 306 2900 1963 1779 1642 1526 2009 1184 1402 2244 1393 1053 
5013 1543 2266 1535 866 1677 1414 1059 1345 1880 1245 3567 2866 1215 2127 1507 1061 981 545 1601 1957 241 3073 1328 1533 1879 953 939 2266 0.0 1598 2347 1550 1444 1232 887 890 822 1693 2572 1543 3218 566 1744 1806 2668 1076 2718 734 953 1680 
4677 2984 2540 921 1278 2067 1394 1389 1735 1266 2685 3957 3140 1253 1159 1487 1429 1512 1580 1639 3397 1628 2760 1126 2379 2559 2056 1510 2540 1478 0.0 2621 1490 1010 2249 1990 1013 2340 1078 2421 2984 3608 1538 1129 2470 3443 1764 2104 888 1548 2071 
6508 2884 143 1684 2360 1226 2909 1485 1139 1821 2592 1899 743 2709 2345 3002 1257 1340 1797 3096 2932 2005 950 1417 1403 1253 2770 1459 539 2262 2613 0.0 1277 1572 3049 2704 2385 2639 1710 841 2884 1550 1763 1761 1340 1372 1168 1908 2228 1377 867 
6151 2572 1194 997 1912 1160 2461 798 827 1184 2281 2951 1795 2261 1658 2553 725 808 1370 2648 3347 1556 2002 730 1472 1821 2321 927 1194 1814 1925 1276 0.0 885 2600 2255 1875 2190 1023 1319 2572 2602 1303 1074 1878 2379 857 1360 1526 845 1163 
5497 2935 2035 272 1376 1819 1924 1107 1487 683 2637 3792 2635 1725 1004 2017 1181 1264 1393 2111 3349 1580 2178 775 2132 2662 2154 1262 2035 1576 1040 2116 840 0.0 2347 2088 1335 2214 429 1838 2935 3442 1310 480 2719 3219 1516 1521 986 1301 1823 
5405 1093 2917 2380 1711 2265 1926 1775 1996 2725 1285 3590 3518 1680 2972 2018 1776 1697 1196 1787 1507 893 3724 2044 1952 2299 716 1655 2917 1121 2443 2998 2266 2160 0.0 650 1735 446 2538 3224 1093 3325 1282 2589 2225 3087 1727 3189 1579 1669 2332 
5207 1244 2266 1730 1060 1677 1608 1124 1345 2074 946 3567 2867 1409 2321 1701 1126 1046 545 1796 1658 242 3073 1393 1544 1890 65 1004 2266 470 1792 2347 1615 1509 932 0.0 1085 523 1887 2573 1244 3218 631 1938 1817 2679 1076 2538 928 1018 1681 
4934 2493 2346 848 787 1873 1335 1194 1541 1192 2195 3763 2946 1136 1439 1428 1234 1318 1090 1522 2907 1137 2687 932 2044 2391 1565 1316 2345 987 707 2427 1314 816 1758 1500 0.0 1849 1005 2347 2493 3413 1048 1056 2317 3249 1570 2030 397 1354 1876 
5412 1137 2470 1934 1264 1818 1813 1329 1549 2278 838 3144 3071 1614 2525 1906 1330 1251 750 1840 1550 446 3278 1597 1506 1852 270 1208 2470 674 1996 2552 1819 1713 409 204 1289 0.0 2091 2777 1137 2879 835 2142 1779 2641 1280 2742 1132 1222 1885 
5377 2672 1731 222 1554 1556 2103 803 1224 254 2374 3488 2331 1903 484 2195 918 1001 1130 2290 3086 1317 1749 471 1868 2358 2082 999 1731 1525 1219 1812 536 348 2360 2016 1513 1951 0.0 1409 2672 3139 1047 51 2415 2915 1253 1092 1164 1037 1560 
6509 3207 912 1637 2684 1794 3232 1808 1462 1160 2915 2615 1459 3033 1545 3325 1580 1663 2120 3419 3426 2328 564 1740 1897 1746 3093 1782 306 2585 2698 1020 1125 1504 3372 3028 2708 2962 1414 0.0 3207 2266 2086 1387 1833 2393 1491 1148 2551 1700 1360 
6667 0.0 3454 3002 2332 2100 2881 2397 2118 3346 718 3307 3700 2681 3593 2973 1965 2048 1817 2624 413 1514 4261 2459 1788 2036 1337 2276 3038 1742 3064 3311 2759 2575 1232 1272 2357 1137 3159 3345 0.0 3063 1903 3210 2093 2433 1849 4515 2200 2084 2639 
7219 3077 1493 3035 3072 1660 3620 2400 1637 3171 2654 349 780 3421 3696 3713 1969 2052 2508 3808 2706 2717 2300 2767 1686 1389 2889 2171 1860 2974 3509 1391 2627 2580 3157 2823 3097 2747 3061 2192 3077 0.0 2475 3112 1446 747 1880 3258 2940 2088 1301 
4960 1729 1770 1233 813 1181 1361 576 849 1593 1431 3070 2370 1162 1965 1454 577 498 291 1548 2143 374 2577 844 1246 1592 1139 456 1769 714 1545 1851 1066 961 1417 1073 837 1008 1339 2076 1729 2721 0.0 1390 1519 2556 730 1990 681 470 1184 
5412 2865 1599 415 1740 1564 2288 741 1232 207 2566 3356 2199 2089 509 2700 950 1033 1323 2475 3752 1509 1702 558 1876 2226 2274 1192 1599 1718 1600 1680 404 540 2553 2208 1699 2143 192 1362 2865 3006 1239 0.0 2283 2783 1261 1116 1350 1070 1568 
6314 2118 1575 2362 2167 450 2715 1495 814 2460 1695 1617 1821 2516 3023 2808 1063 1147 1603 2902 1747 1811 2382 1558 240 74 1930 1266 1615 2068 2604 1432 1955 1674 2198 1864 2191 1789 2388 2273 2118 1352 1569 2439 0.0 1114 974 2636 2035 1183 760 
6962 2528 1868 3152 2815 1348 3363 2429 1749 3250 2105 1432 2052 3164 3812 3456 1998 2081 2091 3551 2157 2300 2675 2884 1138 840 2340 2200 1759 2717 3538 1725 2744 3039 2608 2274 2840 2198 3177 2567 2528 1166 2284 3229 897 0.0 1909 3425 2683 2117 1550 
5499 1715 1190 1203 1352 601 1900 751 269 1431 1424 2490 1790 1701 1935 1993 320 403 628 2088 1785 837 1997 814 848 1093 1602 522 1189 1254 1860 1271 910 931 1880 1536 1377 1471 1344 1496 1715 2141 724 1395 1121 1976 0.0 1901 1220 440 604 
6046 3763 1971 1314 2514 2303 3062 1554 1969 991 3424 3674 2518 2863 1117 3334 1742 1825 2221 3249 4187 2408 1539 1562 2959 2661 3173 2090 1454 2616 2234 2080 1196 1439 3451 3107 2473 3042 1091 1200 3763 3325 2138 1064 2718 3452 2000 0.0 2124 1861 2461 
4537 2096 2266 801 390 1677 938 897 1345 1146 1797 3567 2867 739 1393 1031 1039 1065 692 1125 2509 740 3073 886 1647 1993 1168 1023 2266 590 1003 2347 1268 770 1361 1102 348 1451 959 2301 2096 3218 650 1010 1920 3053 1190 1984 0.0 1037 1681 
5214 2091 1363 763 1067 774 1615 311 442 1123 1721 2664 1963 1416 1495 1708 135 219 549 1802 2191 736 2170 374 1086 1266 1501 82 1362 968 1420 1444 596 491 1780 1435 1091 1370 869 1669 2091 2314 490 920 1177 2150 471 1519 935 0.0 777 
5917 2670 982 1550 1770 358 2319 1098 335 1851 2002 1886 1228 2119 2282 2411 667 750 1206 2506 2299 1415 1789 1161 671 488 2180 869 1022 1672 2207 839 1257 1278 2459 2114 1795 2049 1691 1681 2670 1537 1173 1742 575 1372 578 2027 1638 787 0.0 
