-1.60317 47.2017 -1.6028461 47.2017099 573924300
1
100 
50
36 10 7 10 -1.53871 47.2029 -1.5377468 47.2025022 652575505
14 5 16 20 -1.56612 47.2131 -1.5659559 47.2130672 301893483
33 5 6 9 -1.54827 47.2051 -1.5480813 47.2050942 360242871
11 5 7 12 -1.56733 47.214 -1.5673574 47.2138754 301893484
41 10 9 12 -1.55008 47.2121 -1.5499178 47.2118486 292734414
13 5 12 14 -1.54736 47.2113 -1.5469039 47.2113974 292734481
36 10 7 12 -1.551 47.2186 -1.5509195 47.2185079 3164397861
18 5 14 17 -1.54901 47.2065 -1.5489779 47.2062792 360242860
24 10 7 12 -1.56241 47.2152 -1.5630876 47.2151297 315258306
35 10 7 12 -1.5716 47.2076 -1.5688635 47.2084025 309249456
16 5 7 10 -1.56367 47.2234 -1.5648414 47.2243653 289440000
21 5 7 10 -1.56501 47.2148 -1.5651713 47.2147869 296394097
20 10 9 12 -1.54522 47.2111 -1.5450286 47.2111413 293255550
19 10 7 12 -1.56357 47.2146 -1.5633432 47.2144657 315882179
19 10 16 20 -1.57504 47.2095 -1.5751956 47.2093722 309249517
3 5 9 12 -1.56071 47.2152 -1.5608376 47.2154911 3164616065
24 10 9 12 -1.54623 47.2115 -1.5454809 47.2117186 292842869
20 5 16 20 -1.564 47.2113 -1.5641044 47.2113585 292816229
22 10 7 10 -1.55441 47.2198 -1.5543526 47.2196642 290215827
12 10 7 12 -1.54777 47.2199 -1.5479611 47.21985 336121945
36 10 6 9 -1.54452 47.2151 -1.544767 47.2153102 3127607046
17 10 16 20 -1.55032 47.2233 -1.5505652 47.2237398 302423518
15 5 7 12 -1.55377 47.2189 -1.5537849 47.2190008 292348612
56 10 9 12 -1.54628 47.2142 -1.5462513 47.2140712 292734347
28 10 7 10 -1.55648 47.2209 -1.5563172 47.2209603 3396055539
12 5 12 14 -1.56437 47.2185 -1.5636429 47.2186631 287727486
3 5 7 10 -1.55232 47.22 -1.5524526 47.2200328 1560163045
11 5 6 9 -1.55963 47.2259 -1.5597928 47.2260109 285972392
37 5 9 12 -1.57028 47.2209 -1.570359 47.2208585 286359240
13 5 14 17 -1.55632 47.2185 -1.556277 47.2188331 364688369
17 10 16 20 -1.54951 47.2224 -1.5497998 47.2226662 302423527
49 10 14 17 -1.55938 47.2096 -1.5589808 47.209511 292328153
42 10 7 10 -1.55225 47.2041 -1.5519306 47.2039936 3389149395
10 10 7 10 -1.555 47.2215 -1.5551167 47.2213703 289490502
41 5 7 10 -1.56927 47.2158 -1.5693571 47.2161123 315143068
17 5 14 17 -1.55921 47.2239 -1.5592123 47.2231514 287952514
8 5 6 9 -1.56002 47.2165 -1.5594851 47.2170207 3397963523
6 5 6 9 -1.54916 47.22 -1.5492266 47.2200708 571479563
56 5 12 14 -1.55269 47.2272 -1.5523737 47.2271841 283441888
12 5 7 10 -1.57349 47.2064 -1.5731452 47.206663 1687886038
45 5 14 17 -1.55136 47.2235 -1.5507265 47.2238569 302423520
27 5 7 10 -1.54454 47.2016 -1.5447698 47.2014969 652535190
45 5 7 12 -1.54648 47.213 -1.5464353 47.2133246 279635054
16 10 12 14 -1.54707 47.2106 -1.5471721 47.2103269 3121942015
38 5 6 9 -1.57059 47.2101 -1.5705622 47.2099033 664236546
37 10 7 10 -1.52956 47.2082 -1.529853 47.208173 272118332
15 10 9 12 -1.55634 47.2177 -1.5563165 47.2177724 335605761
33 5 12 14 -1.57028 47.2094 -1.5704088 47.2094668 303614872
34 5 7 10 -1.56559 47.2328 -1.5656511 47.232967 307965943
14 10 9 12 -1.56228 47.2178 -1.5623626 47.217875 287431450
0.0 587 407 501 402 513 520 558 495 438 301 530 418 501 440 313 454 508 365 550 591 551 622 553 549 551 475 571 551 447 534 638 397 465 564 402 587 490 658 645 261 620 522 541 499 341 635 517 337 489 463 
583 0.0 318 103 332 199 193 308 119 296 286 424 313 158 290 343 296 165 295 305 341 194 367 306 214 336 350 327 378 371 298 383 204 116 335 371 395 298 338 422 329 369 68 198 174 301 123 282 304 444 329 
411 342 0.0 246 25 223 267 205 238 75 114 216 56 247 94 138 96 254 51 196 239 261 259 201 259 188 120 217 244 110 183 275 143 220 201 71 256 130 306 304 158 257 277 273 245 93 373 167 101 230 100 
489 119 224 0.0 238 112 109 221 20 202 192 337 219 110 196 250 202 121 201 218 255 181 303 219 163 250 263 240 291 278 212 319 110 23 248 278 308 211 322 348 236 301 54 148 87 208 151 195 211 358 242 
393 342 28 255 0.0 219 265 180 246 50 96 191 30 256 69 120 71 262 80 170 213 257 234 175 255 163 94 192 219 85 158 250 151 219 176 46 230 104 280 278 140 232 277 269 253 74 381 141 83 205 75 
518 209 207 101 233 0.0 81 166 93 180 221 282 202 106 179 278 154 97 210 163 200 90 248 164 89 195 208 185 236 258 156 264 135 125 193 261 253 156 259 293 264 246 144 86 94 237 228 140 240 302 187 
526 200 247 101 255 44 0.0 206 93 220 229 321 242 25 219 286 194 16 218 203 239 93 276 204 54 234 248 224 275 298 196 292 127 124 232 300 293 196 248 332 272 278 144 39 21 245 201 180 248 342 227 
549 321 206 213 223 169 196 0.0 205 171 252 183 196 191 173 301 145 182 214 46 33 206 92 36 144 77 169 24 119 219 67 109 186 223 76 241 136 147 100 137 296 90 256 159 211 255 336 51 264 185 148 
484 137 220 29 234 100 97 209 0.0 197 187 325 214 98 191 245 197 109 196 206 243 169 291 207 152 238 252 228 279 273 200 307 105 52 236 273 296 200 310 336 231 289 72 136 76 203 156 183 206 346 230 
450 303 60 208 80 169 215 130 200 0.0 153 180 50 209 27 177 21 216 90 120 163 207 203 125 205 132 82 142 188 108 108 219 104 181 145 108 205 58 230 247 196 201 239 219 206 131 334 91 140 228 61 
321 285 105 200 101 212 219 256 194 144 0.0 292 131 200 138 81 153 207 64 248 290 249 330 252 247 262 196 270 317 186 232 346 95 163 274 136 331 188 357 374 67 328 221 240 197 39 333 215 42 306 176 
536 446 223 338 195 294 339 196 330 176 291 0.0 172 351 203 304 181 342 267 149 225 331 189 159 304 134 107 171 78 118 166 205 266 343 131 182 113 141 250 193 335 187 381 319 336 269 464 180 278 106 119 
406 323 59 227 30 189 234 149 219 19 127 179 0.0 228 46 139 40 235 101 140 183 226 219 145 224 148 82 161 204 88 127 235 124 201 161 58 217 78 250 263 170 217 258 239 226 105 353 111 113 208 60 
501 174 227 94 230 67 38 212 86 205 204 333 222 0.0 199 261 205 10 192 215 226 78 251 214 59 246 260 236 287 281 208 267 101 118 244 276 305 208 222 306 247 253 137 43 22 219 175 192 222 354 238 
429 316 73 220 53 182 227 142 212 12 150 172 23 221 0.0 163 33 228 103 133 176 219 212 138 218 141 75 154 197 81 120 228 117 194 154 81 211 71 243 257 193 210 251 232 219 128 347 104 137 201 53 
306 354 141 269 112 281 288 274 263 144 69 276 124 269 163 0.0 165 276 129 264 308 318 328 270 317 257 181 286 312 170 252 344 164 232 270 109 317 199 375 373 53 326 290 309 266 55 402 236 48 290 169 
459 301 112 193 83 148 194 109 185 57 180 159 52 213 79 192 0.0 210 132 99 142 186 182 104 184 111 62 121 167 104 87 198 117 194 124 110 184 37 209 226 223 180 236 198 191 158 319 70 166 224 40 
510 183 236 103 239 56 27 207 95 214 213 323 231 9 208 270 195 0.0 201 204 235 87 260 205 48 236 249 226 277 290 198 276 110 127 234 285 294 197 231 315 256 262 146 33 31 228 184 181 231 344 228 
361 303 80 207 75 184 227 228 199 119 64 267 106 208 113 122 128 215 0.0 221 262 221 304 224 220 236 170 243 292 161 207 321 104 181 249 122 306 163 329 349 108 302 238 234 206 80 333 190 83 281 151 
547 331 198 223 177 178 206 46 214 158 250 136 154 201 164 286 143 192 206 0.0 75 216 84 10 154 31 123 21 72 173 35 101 186 233 29 195 90 109 142 129 293 82 266 169 221 247 346 49 255 139 101 
646 360 303 299 307 228 220 96 291 268 349 267 285 215 269 398 242 207 311 143 0.0 245 95 133 168 162 253 121 203 304 163 111 272 310 160 325 220 239 67 151 392 97 343 183 238 352 355 148 360 270 232 
552 248 241 172 267 109 103 158 164 214 255 306 236 103 213 312 188 94 244 170 172 0.0 197 159 49 201 242 183 242 292 190 213 169 195 199 295 260 190 168 252 298 199 215 64 125 270 196 174 273 309 221 
622 410 272 303 251 258 285 90 294 233 325 210 228 280 239 360 218 271 280 92 64 295 0.0 100 233 105 197 77 146 247 109 16 261 313 103 269 164 183 61 58 368 2 346 248 300 321 406 123 330 213 175 
541 320 198 212 187 168 196 36 204 163 244 146 164 191 164 292 137 182 205 10 69 205 95 0.0 144 41 133 31 82 183 41 111 180 223 39 205 100 119 136 139 287 93 255 159 210 247 336 43 255 149 111 
543 216 232 151 257 59 54 191 143 204 246 306 227 56 204 303 179 47 234 188 224 77 273 188 0.0 219 233 209 260 283 181 289 158 174 217 285 278 181 246 317 289 270 194 15 76 261 217 164 264 327 211 
521 347 174 239 145 195 236 76 231 127 242 112 123 231 154 255 117 222 217 29 105 232 70 40 184 0.0 91 51 55 148 46 86 197 250 12 163 73 77 131 115 285 68 283 199 237 220 366 60 229 122 70 
483 378 146 270 117 226 271 186 262 101 212 114 96 291 128 217 113 287 191 141 217 263 182 152 261 112 0.0 163 147 72 158 198 198 275 124 86 152 73 243 227 255 180 313 276 268 183 396 148 191 192 43 
563 342 220 234 209 190 217 26 226 185 266 169 187 212 187 315 159 204 228 32 54 227 110 22 165 64 155 0.0 105 206 64 126 202 245 62 227 122 142 121 155 310 108 278 180 232 269 358 65 278 172 134 
560 389 223 281 194 236 278 117 273 176 291 78 172 272 203 303 166 264 259 71 147 274 111 81 225 56 138 93 0.0 166 88 127 239 291 53 212 35 126 172 127 334 109 324 240 279 269 407 102 278 66 119 
460 393 123 297 94 259 304 219 289 89 189 106 85 298 116 194 110 305 174 186 253 296 227 196 294 156 96 208 165 0.0 197 243 194 271 169 63 197 130 288 266 232 225 328 309 296 160 424 181 168 119 100 
519 308 169 200 190 155 201 65 192 135 222 154 159 218 136 264 115 209 177 28 99 193 103 38 171 49 141 50 90 191 0.0 119 158 210 47 213 108 121 164 147 265 100 243 186 198 219 326 14 227 157 119 
624 396 281 288 285 243 269 74 280 246 327 245 263 264 247 376 220 255 289 121 48 281 45 111 217 140 231 99 181 282 141 0.0 261 298 138 303 198 217 44 100 370 47 331 232 286 330 404 126 338 248 210 
399 215 132 119 128 132 123 183 111 109 102 250 126 104 103 159 110 111 91 176 217 171 262 179 160 199 172 198 249 185 164 278 0.0 93 206 174 267 125 284 306 145 259 150 144 102 117 245 148 120 305 150 
466 122 201 36 215 132 129 220 43 179 169 320 196 130 173 227 179 141 178 217 253 201 302 218 184 248 241 238 290 255 210 318 87 0.0 247 255 307 195 320 347 213 300 57 168 108 185 171 194 188 356 220 
535 347 189 239 160 195 236 76 231 142 257 119 137 231 169 269 132 222 217 29 105 232 57 40 184 14 106 51 52 156 46 74 197 250 0.0 178 70 92 119 102 300 55 283 199 237 235 366 60 243 119 84 
396 364 72 268 43 230 275 190 260 60 126 167 55 269 87 130 81 276 124 181 224 267 223 186 266 152 72 202 203 61 168 239 165 242 165 0.0 208 101 284 267 169 221 299 280 267 96 395 152 105 180 71 
535 396 188 289 159 244 289 148 280 141 256 94 137 303 168 268 131 295 231 102 178 281 143 112 256 72 103 123 128 131 118 159 216 293 85 177 0.0 91 204 187 299 141 332 271 286 234 415 133 242 195 84 
480 311 126 203 104 159 204 119 195 78 195 128 74 224 92 214 46 221 146 106 153 196 147 115 195 76 54 127 132 120 97 163 131 208 89 126 149 0.0 208 191 238 144 246 209 201 179 330 81 188 198 33 
579 351 236 243 240 198 226 29 235 201 282 200 218 220 202 331 175 212 244 76 20 236 73 66 173 95 186 54 136 237 96 89 215 253 93 259 153 173 0.0 118 325 71 286 188 241 285 366 81 293 203 165 
648 450 311 342 288 297 332 135 334 270 364 180 266 327 278 398 257 318 319 132 132 335 67 139 279 145 232 116 111 260 148 83 300 352 143 306 129 220 128 0.0 407 65 385 295 340 361 430 163 369 164 213 
253 331 151 246 147 258 265 302 240 190 46 334 177 246 185 58 199 253 110 294 336 295 376 298 294 308 239 316 363 228 278 392 141 209 320 167 375 234 403 420 0.0 374 267 286 243 85 379 261 81 348 222 
620 408 270 300 249 256 287 92 292 231 322 208 226 282 236 358 215 273 278 90 66 293 2 98 235 103 195 75 144 245 107 18 258 311 101 267 162 181 63 56 366 0.0 344 250 298 319 403 121 328 211 173 
528 72 263 38 277 134 131 243 54 240 231 359 258 132 235 288 231 142 240 240 277 203 325 241 185 272 285 262 313 316 234 341 149 61 270 316 330 233 344 370 274 323 0.0 170 109 246 133 217 249 380 264 
542 210 236 136 262 44 39 195 128 209 245 311 231 41 208 303 183 32 234 192 228 81 277 193 15 223 237 214 265 287 185 293 143 159 222 290 282 185 250 322 289 275 179 0.0 60 261 210 169 264 331 216 
523 187 241 80 252 57 21 215 71 218 226 331 235 22 212 283 204 33 215 212 249 101 273 213 76 244 258 234 285 294 206 289 124 103 242 294 303 206 245 329 269 275 123 60 0.0 242 198 189 245 352 236 
326 315 107 229 93 241 248 255 223 125 29 264 105 229 140 45 146 236 89 245 289 279 309 251 277 238 169 267 294 158 233 325 125 192 251 97 305 179 356 353 72 307 250 269 227 0.0 363 216 8 278 150 
613 120 348 135 362 217 189 324 138 326 316 442 343 154 320 373 315 161 325 324 338 190 363 325 210 355 369 345 396 402 317 379 234 158 353 402 414 317 334 418 359 365 129 195 177 331 0.0 301 334 463 347 
505 294 155 186 175 141 187 51 178 120 208 173 145 204 122 250 101 195 163 36 85 179 121 47 157 68 159 58 109 203 29 137 144 196 66 203 126 106 152 166 251 119 229 172 184 204 312 0.0 213 176 137 
318 306 98 221 94 233 240 251 215 133 21 272 113 221 132 49 146 228 81 242 285 270 317 247 268 246 177 263 302 165 225 333 116 184 259 104 313 181 352 361 64 315 242 261 218 7 354 209 0.0 285 158 
493 456 250 348 221 303 345 184 340 217 317 106 212 339 244 321 233 331 302 138 214 341 178 148 292 123 204 159 66 151 154 194 306 358 120 191 101 193 239 160 360 176 391 307 346 288 474 169 296 0.0 186 
451 334 104 226 75 182 227 142 218 57 172 118 52 247 84 184 69 244 147 117 176 219 158 128 217 88 21 139 143 87 120 174 154 231 100 93 157 29 219 203 215 156 269 232 224 150 352 104 158 207 0.0 
0.0 6488 4160 5495 4170 5065 5394 5441 5317 4491 3327 5965 4329 5475 4373 3426 4503 5531 3861 5266 5719 5496 6022 5403 5486 5430 4695 5446 6299 4977 5120 6156 4124 4988 5540 4083 6640 4756 6277 7352 3008 6004 5787 5772 5273 3662 6968 4991 3647 5804 4704 
6755 0.0 3326 1161 3490 1994 1808 2965 1311 3233 3196 3866 3380 1558 3188 3761 3230 1615 3181 2929 3243 1860 3295 2938 1940 3191 3330 3109 3766 4139 2875 3430 2425 1443 3178 3868 3864 2897 3058 3796 3560 3313 725 1856 1819 3321 1169 2777 3341 4658 3153 
4388 3521 0.0 2164 141 1679 2311 1641 1992 557 830 2131 395 2391 624 1120 732 2448 287 1556 1919 2109 2088 1603 2100 1496 930 1736 2193 1120 1450 2222 1041 2021 1605 528 1986 1015 2477 2459 1193 2070 2820 2042 2190 639 3650 1321 713 2675 770 
5633 1452 2204 0.0 2369 1054 1000 2025 178 2111 2075 2926 2258 1067 2067 2639 2108 1154 2059 1989 2303 1768 2696 1998 1394 2251 2390 2169 2826 3017 1935 2831 1303 321 2239 2746 2925 1957 2861 3068 2438 2679 752 1217 879 2200 1825 1837 2220 3718 2213 
4373 3629 194 2226 0.0 1760 2100 1500 2054 416 814 1990 254 2454 483 1104 591 2510 482 1415 1778 2190 1946 1462 2181 1355 789 1595 2052 979 1309 2081 1103 2129 1464 387 1845 874 2336 2318 1177 1929 2929 2123 2252 623 3713 1180 697 2534 629 
5372 2259 1582 960 1724 0.0 540 1290 788 1416 1813 2190 1637 729 1445 2378 1212 654 1709 1253 1568 721 1961 1263 711 1516 1655 1433 2091 2351 1200 2095 1095 1282 1503 2124 2189 1222 2125 2333 2177 1943 1559 563 588 1938 2447 1101 1958 2982 1477 
5927 1731 1879 925 2574 321 0.0 1587 753 1713 2369 2487 1933 188 1742 2933 1509 113 2265 1550 1865 737 2281 1559 394 1813 1952 1730 2388 2648 1496 2416 1508 1246 1800 2421 2486 1519 2044 2782 2732 2299 1523 217 120 2494 1889 1398 2514 3279 1774 
5629 3254 1573 1955 1864 1314 1542 0.0 1783 1389 2071 1458 1574 1566 1383 2450 1185 1493 1617 387 277 1744 773 302 1136 650 1412 205 1225 1825 559 908 1566 2210 637 2149 1323 1195 835 1145 2434 755 2553 1220 1669 1969 3016 430 2043 2116 1235 
5509 1649 2080 350 2244 817 762 1788 0.0 1987 1951 2688 2134 829 1942 2515 1710 916 1935 1751 2066 1531 2459 1761 1157 2014 2153 1931 2589 2893 1698 2593 1179 672 2001 2622 2687 1720 2624 2831 2314 2441 949 979 641 2075 1837 1599 2096 3480 1975 
4720 3326 408 1968 664 1343 1684 1084 1797 0.0 1162 1425 410 2196 218 1451 174 2253 619 999 1362 1774 1687 1046 1764 1095 691 1179 1793 1168 892 1821 846 1825 1205 897 1891 483 1920 2059 1525 1669 2625 1706 1995 971 3455 763 1045 2723 513 
3768 3160 833 2168 843 1738 2066 2113 1990 1090 0.0 2834 1097 2147 1045 774 1176 2204 533 1938 2391 2168 2614 2075 2159 2041 1632 2118 2744 1823 1792 2748 797 1660 2156 1249 2688 1428 2949 2985 573 2596 2460 2444 1946 334 3640 1663 355 3377 1472 
6021 4316 1820 3017 1625 2376 2716 1974 2846 1475 2440 0.0 1438 3263 1693 2925 1505 3190 2094 1586 2217 2807 1917 1672 2832 1459 893 1766 758 997 1726 2052 2176 3156 1435 1631 1099 1179 2426 1658 2803 1899 3616 2917 2732 2249 4504 1844 2323 1117 996 
4161 3488 448 2130 254 1505 1846 1246 1959 161 1069 1418 0.0 2358 380 1554 336 2415 564 1161 1524 1936 1824 1208 1926 1232 683 1341 1929 1007 1054 1958 1007 1987 1341 487 1739 645 2082 2195 1432 1806 2787 1868 2156 878 3617 925 952 2562 506 
5739 1543 2259 1105 2385 547 280 1744 933 2166 2180 2728 2313 0.0 2121 2745 2163 87 2076 1791 1886 657 2093 1783 411 2054 2193 1971 2629 3072 1738 2227 1320 1426 2041 2773 2727 1760 1855 2593 2544 2111 1703 327 187 2305 1700 1639 2325 3520 2015 
4352 3430 513 2073 446 1448 1789 1189 1901 104 1260 1361 191 2301 0.0 1745 279 2358 724 1104 1467 1879 1766 1151 1869 1175 626 1284 1872 950 997 1901 950 1930 1284 679 1682 587 2025 2138 1624 1749 2730 1811 2099 1069 3560 868 1143 2504 449 
3650 3841 1446 2849 1252 2419 2748 2598 2671 1514 681 2849 1352 2829 1581 0.0 1688 2885 1175 2513 2876 2850 3044 2560 2840 2453 1718 2693 2779 1838 2407 3179 1478 2341 2562 1106 2773 1972 3434 3416 454 3027 3141 3126 2627 567 4321 2278 497 3393 1727 
4601 3109 889 1810 695 1169 1509 909 1638 477 1509 1251 440 1712 625 1995 0.0 1623 951 824 1187 1599 1512 871 1590 921 516 1004 1618 1139 718 1647 943 1923 1030 1054 1716 308 1745 1884 1873 1494 2409 1532 1524 1318 3297 589 1392 2694 338 
5814 1617 2334 1180 2460 460 193 1741 1008 2241 2255 2641 2388 74 2196 2820 1663 0.0 2151 1704 1961 732 2167 1714 324 1967 2106 1884 2542 3147 1651 2302 1395 1501 1954 2848 2640 1673 1930 2668 2618 2185 1778 240 262 2380 1775 1552 2400 3433 1928 
4107 3214 621 1857 631 1372 2004 1749 1685 879 549 2622 886 2085 834 1113 964 2141 0.0 1713 2027 1803 2402 1711 1793 1830 1421 1893 2532 1611 1581 2537 734 1714 1944 1019 2477 1217 2584 2774 912 2384 2514 1735 1883 673 3344 1452 694 3166 1261 
5631 3321 1526 2022 1476 1380 1652 387 1850 1325 2073 1070 1289 1676 1337 2776 1180 1603 1571 0.0 630 1811 707 85 1246 262 1025 180 837 1437 294 842 1530 2276 249 1761 935 909 1188 1079 2436 689 2620 1330 1736 1923 3126 412 1997 1728 847 
6434 3085 2377 2700 2566 1769 1769 804 2528 2194 2876 2160 2379 1794 2188 3255 1990 1720 2422 1192 0.0 2000 795 1107 1363 1352 2115 1010 1927 2527 1363 929 2311 2955 1339 2851 2025 1999 557 1295 3239 813 3298 1447 1981 2774 3419 1234 2848 2818 1937 
5821 2126 2031 1735 2172 774 669 1293 1563 1865 2262 2486 2085 834 1894 2827 1661 761 2158 1416 1434 0.0 1641 1331 368 1679 2104 1498 2254 2800 1587 1775 1544 2056 1666 2573 2352 1671 1404 2141 2625 1659 2333 452 790 2387 1905 1550 2407 3145 1926 
6250 4024 2146 2725 2095 2084 2309 756 2554 1945 2692 1689 1908 2334 1956 3395 1799 2260 2190 774 540 2515 0.0 809 1903 881 1644 644 1456 2056 914 134 2149 2980 868 2381 1554 1529 509 526 3055 17 3324 1987 2439 2542 3879 1032 2616 2348 1466 
5559 3235 1502 1936 1561 1295 1566 302 1765 1319 2000 1155 1374 1591 1312 2379 1114 1518 1547 85 580 1726 793 0.0 1160 347 1110 265 922 1522 349 927 1457 2191 335 1847 1021 995 1138 1164 2363 775 2535 1245 1651 1899 3040 359 1973 1814 932 
5680 1857 1891 1495 2032 406 301 1598 1323 1725 2122 2499 1945 389 1753 2686 1520 315 2017 1562 1876 636 2269 1571 0.0 1824 1963 1742 2399 2660 1508 2404 1710 1816 1811 2433 2497 1530 2040 2641 2485 2252 2093 84 422 2246 2015 1410 2267 3291 1785 
5120 3499 1408 2200 1213 1559 1901 637 2028 1063 2028 864 1026 1926 1281 2513 973 1852 1665 249 880 1989 591 334 1495 0.0 762 429 697 1231 388 725 1624 2455 109 1499 795 647 1100 963 2391 573 2798 1579 1914 1837 3687 506 1911 1588 584 
4832 3748 1332 2448 1138 1807 2147 1548 2277 844 1992 872 807 2350 1062 2225 936 2261 1463 1183 1813 2238 1525 1268 2228 933 0.0 1363 1199 683 1322 1659 1607 2587 1043 748 1194 610 2034 1896 2353 1507 3047 2170 2163 1734 3935 1227 1808 2238 365 
5724 3456 1667 2157 1726 1516 1744 220 1985 1484 2165 1320 1539 1768 1477 2544 1279 1695 1712 250 450 1946 889 165 1338 512 1275 0.0 1088 1688 514 1024 1622 2412 500 2012 1186 1160 1008 1261 2528 871 2755 1422 1871 2064 3218 524 2138 1979 1097 
6736 4078 1865 2779 1670 2137 2480 1215 2607 1519 2485 758 1483 2504 1738 2970 1429 2431 2244 827 1458 2568 1158 913 2074 700 1182 1007 0.0 1428 967 1293 2202 3033 676 1955 340 1103 1668 1063 2848 1140 3377 2158 2493 2294 4265 1085 2368 891 1041 
4717 4310 1217 2953 1023 2328 2668 2068 2781 984 1877 1011 947 3181 1202 2111 1158 3237 1505 1577 2346 2758 1919 1662 2749 1327 822 1757 1924 0.0 1877 2053 1830 2810 1437 633 1588 1324 2428 2614 2239 1901 3609 2691 2979 1619 4439 1748 1693 1554 1079 
5395 3169 1290 1870 1546 1228 1569 548 1698 1107 1836 1220 1292 1816 1100 2167 944 1742 1335 237 825 1659 857 322 1385 412 1175 417 987 1587 0.0 992 1293 2125 399 1911 1085 994 1366 1229 2200 839 2468 1469 1584 1687 3357 117 1761 1878 997 
6251 3876 2194 2577 2383 1935 2175 621 2405 2011 2693 1977 2196 2199 2005 3072 1807 2126 2239 1009 405 2366 375 924 1769 1169 1932 827 1744 2344 1180 0.0 2188 2832 1156 2668 1842 1816 374 875 3056 393 3175 1853 2291 2591 3825 1051 2665 2635 1754 
4418 2545 989 1188 1065 1282 1269 1506 1016 896 860 1970 1043 1350 852 1424 893 1407 756 1470 1784 1513 2178 1468 1731 1614 1410 1650 2308 1802 1363 2312 0.0 1045 1720 1453 2406 1001 2342 2549 1223 2160 1844 1647 1149 985 2675 1234 1005 3356 1232 
5312 1500 1883 507 2047 1341 1286 2161 490 1790 1753 2864 1937 1353 1745 2318 1787 1440 1738 2124 2439 2077 2832 2134 1681 2387 2304 2304 2962 2695 2071 2967 982 0.0 2374 2425 3060 1895 2997 3204 2117 2814 799 1503 1165 1878 2112 1972 1898 3853 2126 
5245 3502 1533 2202 1338 1561 1904 639 2031 1188 2153 932 1151 1928 1406 2638 1097 1855 1668 251 882 1992 482 337 1498 124 887 431 667 1299 391 616 1626 2457 0.0 1624 765 771 991 853 2516 464 2801 1582 1917 1962 3689 509 2036 1559 709 
4084 3888 557 2531 363 1906 2246 1646 2359 562 1244 1743 463 2759 780 1477 737 2815 845 1561 1924 2336 1864 1608 2327 1273 612 1741 1673 732 1455 1999 1408 2388 1382 0.0 1667 902 2373 2236 1605 1846 3187 2269 2557 986 4018 1326 1060 2287 657 
5236 3900 1524 2601 1329 1959 2300 1239 2429 1179 2144 720 1142 2528 1397 2629 1089 2455 1767 851 1482 2390 1193 936 2097 602 841 1031 1299 1087 991 1328 1759 2739 711 1615 0.0 763 1703 1565 2507 1175 3199 2182 2315 1953 4088 1109 2027 2190 700 
4781 3190 921 1891 874 1249 1590 990 1719 656 1592 991 620 1792 731 2174 379 1703 1057 885 1268 1680 1227 952 1670 635 455 1065 1332 1277 798 1361 1049 2029 745 1192 1431 0.0 1736 1599 1955 1209 2489 1612 1605 1498 3378 669 1572 2224 278 
5876 3501 1820 2202 2008 1561 1789 247 2030 1636 2318 1602 1821 1813 1630 2697 1432 1740 1864 634 133 1991 613 549 1383 794 1557 452 1369 1969 806 747 1813 2457 781 2294 1468 1442 0.0 984 2681 595 2801 1467 1916 2216 3263 677 2290 2261 1379 
7406 4351 2472 3052 2419 2411 2673 1130 2880 2269 3018 1518 2232 2697 2282 3719 2126 2624 2517 1101 1099 2841 559 1136 2267 1208 1931 971 991 2177 1240 694 2476 3307 1195 2705 1089 1853 1069 0.0 3382 542 3650 2351 2766 2869 3863 1358 2943 1644 1790 
3195 3559 1232 2567 1242 2137 2466 2513 2389 1489 399 3347 1496 2546 1445 498 1575 2603 933 2337 2790 2566 3013 2474 2558 2440 2216 2517 3143 2336 2191 3147 1196 2059 2555 1604 3272 1827 3348 3385 0.0 2995 2859 2844 2345 734 4039 2062 719 3891 1871 
6232 4007 2128 2708 2077 2066 2327 774 2536 1927 2674 1671 1890 2351 1938 3377 1782 2278 2173 756 557 2497 17 792 1921 863 1626 627 1439 2039 896 152 2131 2962 851 2363 1537 1511 527 509 3037 0.0 3306 2005 2422 2524 3862 1014 2598 2330 1448 
6167 751 2738 533 2902 1366 1312 2337 683 2645 2608 3238 2792 1379 2600 3173 2259 1466 2593 2301 2615 2080 3008 2310 1706 2563 2702 2481 3138 3550 2247 3143 1837 854 2551 3280 3237 2269 3173 3380 2972 2991 0.0 1529 1191 2733 1433 2149 2753 4030 2525 
6044 1784 1895 1411 2036 322 217 1603 1239 1729 2486 2503 1949 305 1757 3050 1524 230 2382 1566 1881 641 2274 1575 84 1829 1967 1746 2404 2664 1512 2408 1626 1732 1816 2437 2502 1534 2045 2646 2849 2256 2009 0.0 337 2611 1942 1414 2631 3295 1790 
5926 2103 1905 804 2573 369 120 1729 632 1812 2368 2630 1959 187 1767 2932 1651 274 2264 1693 2074 845 2280 1702 515 1955 2094 1873 2530 2717 1639 2415 1507 1126 1942 2446 2628 1661 2043 2781 2731 2298 1403 337 0.0 2493 1888 1541 2513 3421 1916 
3814 3418 852 2426 961 1996 2325 2307 2248 1223 258 2657 1061 2405 1064 480 1397 2462 752 2222 2585 2426 2753 2269 2417 2162 1526 2402 2859 1646 2116 2888 1055 1918 2271 914 2582 1681 3143 3125 619 2736 2718 2703 2204 0.0 3898 1987 74 3201 1436 
7139 1142 3710 1738 3874 2390 1993 3132 1707 3617 3580 4262 3764 1744 3572 4145 3284 1800 3565 3325 3274 2045 3481 3334 2125 3588 3727 3505 4163 4522 3271 3615 2808 2059 3575 4251 4261 3294 3243 3981 3943 3498 1445 2041 1931 3705 0.0 3173 3725 5054 3549 
5277 3051 1172 1752 1428 1110 1451 430 1580 989 1718 1376 1174 1698 982 2049 826 1624 1217 306 707 1541 1013 391 1267 568 1309 486 1143 1933 232 1148 1176 2007 555 1662 1242 876 1265 1385 2082 996 2350 1351 1466 1569 3239 0.0 1643 2035 1132 
3742 3344 778 2352 788 1922 2250 1968 2174 1293 183 2727 1131 2331 990 509 1120 2388 678 1883 2246 2352 2823 1930 2343 2232 1596 2063 2929 1716 1737 2958 981 1844 2341 984 2651 1373 2804 3195 547 2805 2644 2628 2130 69 3824 1608 0.0 3271 1505 
5844 4969 2952 3670 2758 3028 3371 2106 3498 2719 3612 1117 2682 3395 2937 3845 2320 3322 3240 1719 2349 3459 2050 1804 2965 1591 2073 1899 891 1847 1858 2184 3093 3924 1568 2368 1231 1995 2559 1587 3973 2032 4268 3049 3384 3354 5157 1976 3428 0.0 1932 
4535 3382 823 2083 629 1441 1782 1182 1911 478 1443 912 441 1984 696 1928 570 1895 1097 975 1460 1872 1317 1061 1862 726 177 1155 1423 999 990 1452 1241 2221 835 914 1233 245 1827 1689 1806 1300 2681 1804 1797 1252 3569 861 1326 2554 0.0 
