-1.49694 47.1882 -1.4985078 47.188425 365406453
1
100 
50
1 5 9 12 -1.55293 47.2196 -1.5528086 47.2198233 2859189901
8 5 7 10 -1.56688 47.2147 -1.5668879 47.2145848 301893554
5 10 16 20 -1.54916 47.22 -1.5492266 47.2200708 571479563
9 10 6 9 -1.55648 47.2209 -1.5563172 47.2209603 3396055539
27 5 9 12 -1.56898 47.2143 -1.5690656 47.2143985 305744185
21 5 7 12 -1.54336 47.206 -1.5438317 47.2059093 1376490270
15 5 16 20 -1.5627 47.222 -1.5625946 47.2218498 3273097435
2 5 14 17 -1.54793 47.2212 -1.5479463 47.2212499 302423581
25 10 7 12 -1.54681 47.2012 -1.5466487 47.2013132 1650331225
31 5 7 10 -1.56208 47.2187 -1.5615314 47.2191245 286359266
25 10 7 10 -1.54534 47.2013 -1.5450228 47.2014092 652535174
8 5 16 20 -1.53951 47.2078 -1.5397335 47.2076151 2051049382
17 5 9 12 -1.56462 47.2219 -1.5645017 47.2218898 287952527
18 10 9 12 -1.56345 47.2305 -1.5633716 47.230295 286348534
26 5 9 12 -1.5602 47.2266 -1.5609572 47.2273533 285972391
8 10 12 14 -1.56133 47.212 -1.5616218 47.2122012 292679470
14 5 7 10 -1.53353 47.2197 -1.5330055 47.2197715 1968204000
42 5 12 14 -1.54914 47.2104 -1.5490318 47.2102313 652767045
31 5 14 17 -1.5615 47.2161 -1.5616536 47.2162743 294029948
26 10 6 9 -1.55124 47.2056 -1.550613 47.2057178 360242865
53 5 7 12 -1.55656 47.2064 -1.556527 47.2063456 1421448541
27 10 6 9 -1.5521 47.2212 -1.5517728 47.2214653 1764710418
26 10 7 10 -1.57223 47.2143 -1.5721753 47.2144638 3164559707
31 10 7 12 -1.53899 47.2234 -1.5387075 47.2234818 336115364
20 5 6 9 -1.55171 47.2177 -1.5518625 47.2176254 339037610
21 10 7 10 -1.55399 47.2283 -1.5538522 47.2282436 290941808
12 10 7 10 -1.56035 47.2192 -1.5602503 47.2193312 1557675631
25 10 7 12 -1.566 47.2041 -1.56588 47.2041241 2870930675
28 5 7 10 -1.56634 47.2108 -1.5660044 47.2108988 292302290
30 5 16 20 -1.54628 47.2142 -1.5462513 47.2140712 292734347
45 5 12 14 -1.55342 47.2229 -1.5533684 47.2228405 289490500
13 10 7 12 -1.54777 47.2199 -1.5479611 47.21985 336121945
43 10 9 12 -1.55634 47.2177 -1.5563165 47.2177724 335605761
15 5 7 10 -1.53823 47.2206 -1.5374107 47.2209301 315774956
36 5 7 10 -1.55137 47.2108 -1.5516039 47.2109427 292734442
14 10 14 17 -1.57502 47.2205 -1.5747876 47.2205459 3164523484
18 5 7 12 -1.55496 47.2296 -1.5546904 47.2293574 291910777
7 5 6 9 -1.55956 47.2256 -1.5595577 47.2257317 285972441
41 5 6 9 -1.54252 47.227 -1.5425873 47.2271465 277456640
15 5 9 12 -1.56129 47.2182 -1.5609282 47.2188688 287431452
33 5 14 17 -1.56437 47.2185 -1.5636429 47.2186631 287727486
3 5 7 12 -1.56041 47.2241 -1.5591568 47.224659 1567182292
21 5 14 17 -1.564 47.2113 -1.5641044 47.2113585 292816229
8 10 12 14 -1.56066 47.2271 -1.5609572 47.2273533 285972391
28 5 9 12 -1.5606 47.216 -1.560867 47.2155924 1976600453
16 5 7 10 -1.5433 47.2182 -1.5435166 47.218351 336121914
8 10 7 10 -1.54874 47.2056 -1.548809 47.2057185 4212687165
19 5 16 20 -1.54004 47.2184 -1.539127 47.2185542 597295106
5 5 7 10 -1.56241 47.2152 -1.5630876 47.2151297 315258306
19 5 12 14 -1.56928 47.2191 -1.5698043 47.2191483 286359246
0.0 609 607 605 621 627 380 662 585 366 634 361 353 702 702 675 537 522 454 587 415 442 641 632 605 576 740 623 487 561 480 645 608 567 577 451 699 733 660 639 618 635 660 573 675 576 523 400 554 574 635 
609 0.0 198 135 59 210 250 119 115 277 150 260 280 180 140 113 171 233 208 168 242 219 72 227 145 49 178 102 280 239 161 83 68 61 190 161 266 171 98 171 111 151 98 224 113 156 127 242 192 181 202 
617 175 0.0 266 152 19 260 135 246 250 84 270 291 148 219 220 80 364 227 69 215 192 207 36 276 155 285 100 185 75 240 190 199 127 321 180 123 278 205 289 91 83 199 95 220 57 258 249 311 35 59 
622 58 234 0.0 95 246 262 154 66 289 186 273 293 215 175 148 191 185 221 188 255 232 39 263 97 57 192 138 293 259 173 118 20 81 142 173 302 178 133 122 146 186 133 244 148 176 79 255 144 201 238 
620 48 139 131 0.0 150 259 66 112 286 90 270 290 127 95 68 165 271 217 112 251 229 70 167 183 78 133 42 290 206 184 38 105 60 228 170 207 126 53 136 51 91 53 217 68 100 164 252 230 127 143 
637 194 19 286 168 0.0 280 151 266 270 101 289 311 165 236 237 100 384 247 89 235 212 227 17 296 175 302 116 195 85 260 207 219 146 341 200 139 295 221 305 107 100 215 104 237 77 277 269 331 55 75 
373 246 263 295 259 282 0.0 300 276 86 272 68 44 339 339 312 193 239 92 231 52 98 279 288 301 214 378 261 143 217 171 282 264 204 288 89 354 370 297 330 255 272 297 229 312 220 213 50 244 229 290 
665 152 135 234 104 147 305 0.0 214 326 74 315 336 61 118 91 171 374 263 122 291 268 173 164 286 181 157 61 313 203 276 140 209 163 331 216 159 149 76 239 53 54 64 214 91 111 268 297 333 123 108 
640 78 253 19 114 265 282 174 0.0 309 205 292 311 235 195 168 211 188 240 208 274 251 59 282 100 77 177 157 313 279 191 138 23 101 146 193 321 163 153 100 166 206 153 263 168 196 82 275 147 220 257 
367 273 249 358 286 269 87 311 338 0.0 278 19 111 350 366 339 180 301 126 230 78 84 305 275 367 241 404 272 130 204 207 309 291 231 353 123 341 397 324 393 267 279 324 215 339 218 279 64 310 216 277 
619 116 93 199 67 105 258 54 179 279 0.0 269 289 93 162 135 129 338 216 76 245 222 137 122 250 144 200 15 271 161 230 105 173 116 295 169 161 193 120 204 6 46 118 172 135 64 232 251 297 82 97 
360 272 264 354 285 284 79 326 334 22 292 0.0 102 364 365 338 194 293 118 244 78 99 304 289 360 240 403 287 144 218 198 308 290 230 346 114 356 396 323 388 281 293 323 230 338 232 272 63 303 230 292 
425 273 303 254 287 318 100 346 234 171 327 153 0.0 395 367 340 233 198 126 283 136 175 294 335 260 227 406 316 227 245 129 310 258 260 246 153 395 398 325 288 311 328 325 257 340 271 172 136 203 269 331 
668 156 138 239 107 149 308 63 219 329 77 318 339 0.0 182 155 174 378 266 125 294 271 177 166 290 185 220 64 315 205 279 145 213 165 335 219 144 213 140 244 55 56 127 216 155 113 272 300 337 126 93 
701 129 227 212 95 229 340 123 192 367 179 351 371 138 0.0 26 246 352 298 200 332 310 151 246 264 159 117 131 371 294 265 118 186 141 309 251 175 109 42 217 139 177 54 298 26 189 245 333 311 215 164 
674 103 200 185 68 212 313 96 165 340 152 324 344 124 26 0.0 219 325 271 173 305 283 124 229 237 132 90 104 344 268 238 91 159 114 282 224 202 83 15 190 113 150 27 271 0.0 162 218 306 284 188 191 
537 193 140 282 196 160 180 202 262 170 168 189 211 240 286 259 0.0 299 154 120 135 112 226 177 292 171 324 163 173 93 172 229 215 145 289 112 232 317 244 317 157 169 244 105 259 109 215 168 246 107 168 
530 242 363 183 277 383 270 336 163 303 351 286 255 398 357 331 312 0.0 229 310 268 307 223 400 82 218 311 320 359 342 194 301 186 251 55 250 451 297 315 140 329 351 315 353 331 299 102 268 57 323 387 
504 212 248 293 225 268 144 266 274 171 238 154 175 305 305 278 179 246 0.0 197 136 175 245 285 300 180 344 227 227 229 86 248 230 170 286 55 338 336 263 328 221 238 263 240 278 186 212 136 242 210 274 
629 164 55 247 115 75 272 100 227 262 48 282 303 120 210 183 92 369 232 0.0 227 204 186 92 281 159 249 63 241 131 245 154 203 131 326 184 140 241 168 252 54 49 164 134 183 66 262 261 316 44 76 
413 234 210 318 246 230 53 272 299 81 238 63 84 311 327 300 140 267 91 190 0.0 45 266 235 328 201 365 233 91 164 172 270 251 192 314 88 302 358 285 354 227 239 285 176 300 179 240 46 270 177 238 
454 218 194 303 231 214 106 256 283 87 223 107 137 295 311 284 125 304 128 175 52 0.0 251 215 312 186 349 217 80 147 181 254 236 176 298 121 286 342 269 338 212 224 269 158 284 163 224 86 255 161 222 
632 31 194 111 55 206 272 114 91 299 146 282 303 175 135 108 177 221 230 167 264 241 0.0 223 133 74 168 98 302 251 190 79 56 73 179 183 262 154 93 116 106 147 93 230 108 156 115 264 180 182 198 
649 211 36 303 185 17 297 168 283 282 118 302 328 180 251 254 116 401 264 106 252 222 244 0.0 313 192 319 133 197 102 277 224 236 163 358 217 129 312 238 322 124 116 232 121 254 94 294 281 348 72 90 
591 159 334 100 195 346 331 254 80 363 286 346 315 316 276 249 292 87 290 288 328 322 140 363 0.0 158 236 238 383 360 201 219 104 181 80 263 402 222 234 64 247 287 234 344 249 277 92 328 104 301 338 
586 45 205 116 71 222 226 130 97 253 162 237 257 192 152 125 156 215 184 152 218 196 75 239 127 0.0 190 114 257 223 137 95 49 45 172 137 278 183 110 152 123 163 110 208 125 140 105 219 174 165 214 
733 162 264 200 128 276 373 160 180 400 216 383 404 221 124 97 278 350 331 237 365 342 140 293 270 191 0.0 167 403 332 297 106 196 174 319 284 299 16 91 205 176 214 91 330 97 225 255 365 320 252 268 
621 101 96 183 52 108 261 53 164 282 48 271 292 92 147 120 131 323 219 78 247 224 122 125 235 130 185 0.0 274 164 232 90 157 112 280 171 164 178 105 189 8 48 105 175 120 66 216 253 282 84 100 
505 307 217 391 319 226 166 345 372 138 299 158 197 363 400 373 203 379 204 263 112 100 339 223 401 274 438 306 0.0 154 270 343 324 265 387 201 337 431 358 427 300 297 358 165 373 252 313 137 344 246 273 
604 215 63 306 209 72 251 194 286 237 144 257 282 208 279 277 71 370 225 113 206 177 243 89 316 195 342 160 152 0.0 243 247 239 163 353 183 183 335 262 342 151 143 259 36 277 102 267 236 317 92 119 
473 207 243 246 219 263 158 260 226 199 232 181 144 300 300 273 173 208 105 192 164 176 239 280 252 174 338 221 237 223 0.0 243 224 164 238 89 332 331 258 280 215 233 258 234 273 180 164 164 195 204 268 
657 64 191 93 52 203 297 111 73 324 143 307 328 172 132 105 202 244 255 164 289 266 33 220 163 107 150 95 327 259 221 0.0 89 98 212 208 259 136 90 98 103 143 90 254 105 152 148 289 214 179 195 
617 125 301 67 162 313 302 221 47 346 253 330 287 282 242 215 259 165 268 255 311 288 106 330 77 124 224 205 350 326 168 185 0.0 148 122 230 369 210 200 102 213 253 200 311 215 243 59 312 124 268 305 
566 55 161 152 68 181 206 127 132 232 158 216 237 188 148 121 111 250 164 114 198 175 88 198 162 51 187 111 236 185 157 91 85 0.0 207 116 253 179 106 188 119 159 106 163 121 102 144 198 208 120 189 
567 211 387 152 248 399 307 307 133 339 339 322 291 368 328 301 341 63 265 339 304 343 192 416 52 210 281 291 395 378 223 271 156 234 0.0 285 455 267 286 110 299 339 286 390 301 327 131 304 86 352 391 
449 157 193 242 170 213 89 211 222 116 183 99 120 250 250 223 124 250 47 142 81 120 190 230 251 125 289 172 172 174 85 193 175 115 237 0.0 283 281 208 278 166 183 208 185 223 131 163 81 194 155 219 
683 238 99 322 190 99 326 150 302 316 123 336 357 117 187 195 146 428 290 132 281 259 261 116 340 218 285 138 274 164 304 229 262 190 385 243 0.0 278 210 327 129 110 214 184 195 121 321 315 374 98 34 
737 166 267 204 131 279 376 163 184 403 219 387 407 225 117 101 282 342 334 240 368 346 143 296 261 195 16 171 407 335 301 110 199 177 322 287 291 0.0 94 196 180 217 94 334 101 229 259 369 324 256 271 
659 87 185 170 53 197 298 81 150 325 137 309 329 139 42 15 204 310 256 158 290 268 109 214 222 117 80 89 329 253 223 76 144 99 267 209 217 73 0.0 175 97 135 12 256 15 147 203 291 269 173 189 
648 145 311 86 172 323 349 231 67 376 263 360 349 292 240 213 278 145 307 275 341 318 116 340 64 144 171 215 380 346 229 195 90 168 138 260 379 157 206 0.0 223 263 206 330 213 263 120 342 168 288 315 
612 109 87 192 60 99 252 48 173 273 39 262 283 87 156 129 122 332 210 69 238 215 131 116 244 138 194 8 265 155 223 99 166 109 289 163 155 187 114 197 0.0 40 112 166 129 58 225 244 291 75 91 
650 161 112 243 112 113 290 68 224 311 52 300 321 71 186 159 149 383 248 107 276 253 182 130 295 176 225 67 288 178 261 150 217 148 340 201 130 217 144 249 58 0.0 132 191 159 96 276 282 332 101 57 
659 87 172 170 53 184 298 69 150 325 124 309 329 130 54 27 199 310 256 146 290 268 109 201 222 117 92 76 329 240 223 76 144 99 267 209 225 85 12 175 85 123 0.0 251 27 134 203 291 269 161 176 
584 241 90 329 236 99 227 222 309 217 172 237 258 236 306 305 47 347 201 141 182 159 271 116 340 218 370 187 139 27 220 274 262 190 337 159 210 363 289 365 178 170 286 0.0 305 129 262 216 293 119 146 
674 103 200 185 68 212 313 96 165 340 152 324 344 124 26 0.0 219 325 271 173 305 283 124 229 237 132 90 104 344 268 238 91 159 114 282 224 202 83 15 190 113 150 27 271 0.0 162 218 306 284 188 191 
640 176 67 259 127 87 283 112 239 273 59 293 315 131 222 195 103 381 243 11 239 216 197 104 293 171 260 75 253 143 257 165 215 143 338 196 152 253 180 264 66 60 176 146 195 0.0 274 272 327 55 88 
558 140 274 81 177 294 242 236 62 287 261 270 228 297 257 230 224 145 208 221 252 229 121 311 87 128 239 220 291 277 109 200 85 161 86 171 361 225 215 116 228 262 215 276 230 209 0.0 253 88 233 297 
399 232 229 316 244 249 39 286 297 67 257 49 70 325 325 298 159 253 78 209 18 64 264 254 326 199 363 246 109 183 158 268 249 190 308 74 321 356 283 352 241 258 283 195 298 197 238 0.0 269 195 257 
563 185 306 126 219 325 270 278 106 314 293 298 256 340 300 273 254 66 236 252 280 257 166 342 96 160 284 262 318 304 136 243 130 193 43 198 393 270 258 153 271 293 258 308 273 241 44 280 0.0 265 329 
585 139 66 230 132 86 228 134 211 218 82 237 259 154 227 200 48 329 192 34 183 160 172 103 241 119 266 97 221 117 205 170 163 91 286 144 158 258 185 266 88 82 185 90 200 22 222 217 275 0.0 94 
649 203 65 288 156 64 292 122 268 282 88 302 323 89 160 167 112 393 256 98 247 224 226 81 305 184 258 104 240 130 269 194 228 155 350 209 77 250 182 293 95 76 186 149 167 86 286 281 340 64 0.0 
0.0 6532 6742 6730 6636 6909 4844 6982 6567 4275 6770 4155 4501 7333 7759 7385 6177 5910 5205 6568 4847 5195 6801 7078 6621 6273 7860 6679 5850 6316 5611 6837 6760 6222 6369 5247 7660 7800 7176 7256 6632 6775 7142 6411 7385 6472 6048 4721 6305 6463 7165 
6612 0.0 1635 1113 476 1734 2354 954 950 2882 1234 2541 2434 1467 1599 1225 1360 2117 1719 1351 2454 2055 572 1971 1363 399 1700 833 2926 1929 1302 676 555 488 1578 1353 2352 1640 1016 1650 906 1239 982 1676 1225 1254 1047 2236 1595 1447 1857 
6637 1451 0.0 2214 1261 166 2336 1100 2051 2467 707 2652 2802 1503 2536 2131 510 3218 1877 576 2040 1640 1720 402 2464 1262 2607 836 1616 631 2059 1583 1656 1058 2679 1511 1177 2547 1922 2625 762 695 1583 604 2131 480 2117 2387 2563 294 681 
6693 488 1953 0.0 794 2052 2435 1273 550 2963 1552 2622 2516 1786 1917 1543 1549 1695 1800 1540 2536 2136 332 2289 941 480 1601 1151 3008 2118 1383 994 133 677 1156 1434 2670 1485 1334 1228 1224 1557 1300 1864 1543 1443 625 2317 1173 1636 2175 
7076 407 1159 1100 0.0 1257 2433 534 937 2961 757 2620 2898 1047 1245 870 1350 2442 1798 934 2534 2134 585 1494 1688 624 1345 356 3006 1723 1495 322 880 506 1902 1432 1875 1285 661 1364 430 762 627 1665 870 837 1371 2315 1919 1063 1380 
6803 1617 166 2380 1399 0.0 2503 1238 2217 2633 845 2818 2968 1641 2674 2269 676 3384 2043 742 2206 1807 1886 236 2630 1428 2745 974 1693 708 2225 1721 1822 1224 2845 1677 1315 2685 2060 2763 900 833 1721 680 2269 646 2283 2553 2729 460 819 
4751 2246 2659 2802 2350 2825 0.0 2695 2639 1075 2484 921 573 3047 3473 3099 2093 2619 919 2154 561 1111 2515 2994 3013 1987 3574 2393 1766 2232 1683 2550 2402 1936 2739 961 3576 3514 2890 3328 2346 2489 2856 2327 3099 2058 2120 616 2377 2379 3081 
7451 1399 1127 2081 872 1226 2807 0.0 1918 3219 621 2995 3273 513 1203 829 1406 3433 2172 1023 2792 2393 1577 1463 2679 1616 1304 518 2677 1692 2354 1303 1871 1353 2894 1806 1402 1244 620 2345 444 451 482 1651 829 927 2363 2689 2911 1032 953 
6867 651 2116 162 957 2215 2598 1435 0.0 3126 1715 2785 2689 1948 2080 1706 1712 1755 1963 1703 2699 2299 495 2452 1001 643 1517 1314 3171 2281 1557 1157 193 840 1216 1597 2833 1401 1497 1006 1387 1720 1463 2027 1706 1606 685 2480 1233 1799 2338 
4169 2790 2578 3505 2895 2744 1177 3042 3342 0.0 2807 184 1305 3407 4018 3644 2012 3351 1425 2403 1030 1030 3060 2913 3774 2532 4119 2740 1685 2151 2000 3095 2947 2481 3500 1467 3495 4059 3435 4042 2693 2812 3401 2246 3644 2307 2881 825 3137 2298 3000 
7061 961 783 1654 553 882 2418 431 1491 2830 0.0 2605 2883 783 1799 1424 1036 2995 1783 634 2403 2003 1139 1119 2241 1168 1899 128 2333 1348 1964 876 1434 963 2456 1417 1500 1839 1215 1918 54 387 914 1307 1424 538 1925 2300 2473 687 1005 
4094 2637 2735 3418 2742 2901 1062 3087 3256 268 2964 0.0 1190 3564 3864 3490 2169 3236 1310 2561 952 1187 2906 3070 3630 2378 3965 2897 1842 2308 1885 2942 2794 2327 3356 1352 3653 3905 3281 3945 2851 2969 3247 2403 3490 2464 2737 826 2994 2456 3157 
5106 2384 3223 2253 2529 3361 908 3007 2090 1711 2948 1556 0.0 3511 3651 3277 2657 2070 1112 3049 1134 1458 2586 3598 2465 2005 3752 2857 2339 2758 1135 2729 2284 2400 2191 1644 4141 3492 3068 2780 2810 2953 3034 2854 3277 2952 1572 1251 1829 2944 3645 
7474 1303 1151 1997 896 1250 2831 506 1834 3243 645 3018 3297 0.0 1709 1335 1430 3338 2196 1047 2816 2416 1482 1487 2584 1521 1810 541 2701 1715 2378 1218 1776 1377 2799 1830 1278 1750 1126 2260 467 474 989 1675 1335 951 2268 2713 2816 1055 829 
8203 1533 2163 2215 1248 2508 3559 1279 2053 4087 1761 3747 4025 1267 0.0 374 2476 3568 2924 1938 3660 3261 1712 2745 2814 1751 1196 1361 4132 3185 2621 1437 2006 1633 3029 2558 1763 1136 583 2479 1434 1730 720 2791 374 1842 2498 3441 3046 2067 1910 
7828 1158 1789 1841 874 1887 3185 904 1678 3713 1387 3372 3650 1078 374 0.0 2101 3193 2550 1564 3285 2886 1337 2124 2439 1376 821 986 3757 2353 2247 1062 1631 1258 2654 2184 2138 761 209 2105 1060 1355 346 2417 0.0 1467 2123 3067 2671 1693 2284 
6127 1607 1155 2321 1594 1321 1826 1620 2158 1957 1385 2142 2292 1985 2835 2461 0.0 3347 1561 981 1530 1130 1877 1558 2571 1370 2936 1318 2002 779 1530 1912 1763 1214 2454 982 2073 2876 2251 2858 1271 1390 2218 874 2461 885 1834 1877 2091 876 1578 
5726 2197 2965 1708 2309 3131 2713 2787 1545 3446 2881 3292 2392 3300 3432 3057 2638 0.0 2392 2551 2870 3194 2041 3368 711 1785 2771 2666 4074 3748 1582 2509 1739 2089 459 2634 3874 2655 2848 1170 2739 2886 2815 3843 3057 2454 834 2987 482 2647 3378 
5949 1589 1947 2317 1694 2113 1306 2039 2154 1647 1828 1493 1771 2391 2817 2443 1381 2243 0.0 1498 1070 1395 1859 2350 2529 1330 2918 1737 2275 1792 617 1894 1746 1280 2255 305 2821 2858 2233 2844 1690 1833 2200 1887 2443 1402 1636 1188 1893 1595 2326 
6871 1364 465 2058 957 631 2571 813 1895 2701 403 2886 3036 1003 2202 1828 744 3253 1912 0.0 2274 1875 1543 868 2499 1297 2303 532 2082 1097 2093 1279 1691 1092 2714 1545 1322 2243 1619 2322 458 408 1296 988 1828 555 2152 2621 2598 369 827 
5209 2310 2097 3024 2415 2263 565 2562 2861 907 2326 753 1031 2926 3537 3163 1531 2678 752 1923 0.0 549 2579 2432 3293 2051 3638 2259 1204 1670 1326 2615 2467 2000 3019 794 3015 3578 2954 3562 2213 2331 2920 1765 3163 1826 2400 447 2657 1818 2519 
5244 2008 1795 2723 2113 1961 1213 2260 2560 1075 2025 1259 1679 2625 3236 2861 1230 3055 1129 1621 647 0.0 2278 1887 2992 1749 3337 1958 926 1224 1794 2313 2165 1698 2718 1246 2713 3277 2652 3260 1911 2030 2618 1319 2861 1525 2098 995 2355 1516 2218 
7182 261 1621 924 462 1720 2539 940 762 3067 1219 2726 3004 1453 1585 1210 1456 2029 1904 1396 2640 2240 0.0 1956 1275 617 1403 819 3111 2073 1520 662 467 612 1490 1538 2338 1287 1001 1188 892 1224 967 1771 1210 1300 959 2421 1507 1525 1842 
7122 1854 402 2617 1636 236 2739 1405 2454 2952 1082 3137 3205 1737 2770 2506 912 3621 2280 979 2443 1954 2123 0.0 2867 1665 2981 1210 1811 944 2461 1958 2059 1460 3082 1913 1142 2921 2297 3000 1136 999 1887 917 2506 883 2520 2872 2966 696 916 
6253 1486 2951 997 1792 3050 3240 2270 834 3973 2549 3819 2918 2783 2915 2540 2547 754 2919 2537 3397 3074 1330 3287 0.0 1477 2179 2149 3945 3116 1803 1992 1028 1674 692 2371 3668 2063 2331 562 2222 2554 2297 2862 2540 2441 931 3514 1032 2634 3172 
6302 379 1654 973 597 1855 2043 1075 810 2571 1354 2230 2124 1588 1720 1345 1249 1977 1408 1240 2144 1745 630 2091 1223 0.0 1820 953 2616 1818 991 797 415 376 1438 1042 2473 1760 1136 1510 1027 1359 1102 1564 1345 1143 849 1925 1455 1336 1977 
8195 1526 2214 1669 1241 2312 3552 1329 1506 4080 1812 3739 4018 1842 1186 812 2469 3146 2917 1989 3653 3253 1166 2549 2495 1744 0.0 1411 4125 2778 2614 890 1634 1625 2657 2551 2950 140 805 1933 1485 1780 771 2784 812 1892 2126 3434 2674 2118 2435 
7080 832 802 1526 425 901 2436 422 1363 2849 400 2624 2902 774 1670 1295 1054 2867 1802 653 2421 2022 1011 1137 2113 1050 1771 0.0 2352 1366 1983 747 1305 932 2328 1435 1519 1711 1086 1789 73 405 1053 1325 1295 556 1797 2318 2345 706 1023 
5942 3186 1956 3901 3291 2032 1991 3438 3738 1772 2635 1956 2457 3431 4414 4039 1799 4104 2178 2799 1426 1141 3455 2092 4169 2927 4514 3135 0.0 1429 2972 3491 3343 2876 3896 2220 3105 4454 3830 4438 3089 2623 3796 1524 4039 2702 3276 1692 3533 2081 2609 
6648 1657 526 2420 1602 602 2309 1598 2257 2478 1205 2663 2774 2001 3034 2478 482 3829 2043 845 2012 1480 1894 839 2670 1469 2953 1334 1337 0.0 2012 1930 1862 1224 2795 1464 1675 2893 2269 2957 1260 1193 2081 200 2478 748 2095 2398 2574 651 1180 
5445 1719 2077 2040 1824 2243 1428 2169 1877 2069 1958 1915 1267 2521 2947 2573 1511 1987 592 1628 1492 1727 1989 2480 2252 1461 3048 1867 2598 1922 0.0 2024 1876 1410 1978 574 2951 2988 2364 2567 1820 1963 2330 2017 2573 1532 1359 1610 1616 1725 2456 
7389 537 1593 778 434 1692 2745 912 615 3273 1191 2933 3211 1425 1557 1182 1662 2255 2110 1368 2846 2447 275 1929 1604 893 1257 791 3318 2158 1807 0.0 743 819 1766 1744 2310 1141 973 1042 864 1197 940 1977 1182 1272 1235 2627 1783 1497 1815 
6674 1046 2511 557 1352 2610 2657 1830 394 3461 2109 3120 2496 2343 2475 2100 2107 1561 2152 2097 3034 2634 890 2847 807 1037 1912 1709 3505 2676 1363 1552 0.0 1234 1022 1932 3228 1796 1891 1094 1782 2115 1858 2422 2100 2001 491 2815 1039 2194 2733 
6628 464 1306 1265 568 1472 1985 1047 1102 2513 1304 2172 2450 1560 1691 1317 902 2269 1350 934 2086 1686 733 1709 1515 397 1792 925 2557 1519 1267 768 707 0.0 1730 984 2224 1732 1108 1802 998 1309 1074 1217 1317 838 1199 1867 1738 989 1729 
6031 1945 3410 1456 2251 3509 3018 2729 1293 3752 3008 3598 2697 3242 3374 2999 2878 532 2697 2790 3175 3499 1788 3745 458 1936 2519 2607 4380 4053 1822 2451 1487 2133 0.0 2391 4127 2403 2790 917 2681 3013 2756 4148 2999 2694 1074 3292 722 2887 3631 
5644 1284 1642 1999 1389 1808 1000 1734 1836 1342 1523 1188 1466 2086 2512 2137 1076 2480 366 1193 765 1090 1554 2045 2268 1025 2613 1431 1970 1487 612 1589 1441 975 1994 0.0 2516 2553 1928 2536 1385 1528 1895 1582 2137 1096 1375 883 1631 1289 2020 
7641 2296 1145 2950 1850 1010 3340 1275 2787 3471 1296 3656 3806 1027 1968 2069 1514 4063 2722 1421 3044 2644 2435 1246 3309 2107 2890 1424 2673 1687 2904 2172 2501 1903 3524 2356 0.0 2830 2278 3214 1350 1189 1758 1660 2069 1325 2962 3391 3408 1139 412 
8225 1556 2243 1699 1271 2342 3582 1359 1536 4110 1842 3769 4047 1872 1050 841 2499 2854 2947 2019 3683 3283 1196 2579 2203 1773 140 1441 4154 2808 2644 920 1664 1655 2687 2581 3188 0.0 834 1641 1514 1810 801 2814 841 1922 2156 3464 2704 2148 2465 
7619 949 1580 1632 664 1678 2975 695 1469 3504 1178 3163 3441 1287 583 209 1892 2984 2341 1355 3076 2677 1128 1915 2230 1167 684 777 3548 2144 2038 853 1422 1049 2445 1974 2347 624 0.0 1896 850 1146 137 2208 209 1258 1914 2858 2462 1484 1801 
6712 1427 2801 938 1642 2900 3373 2120 775 3901 2399 3561 3223 2633 2322 1948 2487 1213 2738 2478 3474 3075 1179 3136 562 1418 1601 1998 3946 3057 2090 1842 969 1615 1151 2372 3518 1485 1941 0.0 2072 2404 1907 2803 1948 2382 1218 3255 1403 2575 3022 
7007 906 729 1599 499 827 2363 376 1437 2775 327 2550 2829 728 1744 1369 981 2941 1728 579 2348 1948 1084 1064 2187 1114 1845 73 2278 1293 1910 821 1379 909 2402 1362 1445 1785 1160 1863 0.0 332 859 1252 1369 483 1871 2245 2418 633 950 
7325 1340 940 2034 933 970 2681 543 1871 3093 434 2869 3147 594 1747 1372 1219 3375 2046 897 2666 2267 1519 1206 2621 1432 1847 562 2632 1647 2228 1255 1813 1227 2836 1680 1124 1787 1163 2298 488 0.0 1026 1463 1372 801 2305 2563 2733 844 479 
7585 916 1442 1598 631 1541 2942 558 1435 3470 1041 3129 3407 1071 720 346 1619 2950 2307 1217 3043 2643 1094 1778 2196 1133 821 640 3514 2007 2004 820 1389 1015 2411 1941 1970 761 137 1862 713 1009 0.0 1935 346 1121 1880 2824 2428 1346 1664 
6390 1871 754 2584 1830 830 2090 1826 2422 2220 1433 2405 2555 2229 3262 2705 263 3610 1824 1072 1793 1394 2122 1067 2835 1633 3181 1562 1229 227 1793 2157 2027 1452 2717 1245 1903 3121 2496 3122 1488 1421 2309 0.0 2705 976 2098 2140 2354 879 1407 
7828 1158 1789 1841 874 1887 3185 904 1678 3713 1387 3372 3650 1078 374 0.0 2101 3193 2550 1564 3285 2886 1337 2124 2439 1376 821 986 3757 2353 2247 1062 1631 1258 2654 2184 2138 761 209 2105 1060 1355 346 2417 0.0 1467 2123 3067 2671 1693 2284 
6967 1461 561 2154 1053 727 2667 910 1991 2798 499 2982 3133 1100 2299 1924 840 3349 2008 96 2370 1971 1639 964 2595 1393 2399 628 2178 1193 2190 1376 1787 1189 2810 1642 1419 2339 1715 2418 554 505 1393 1085 1924 0.0 2248 2718 2694 465 923 
6182 1170 2218 681 1476 2384 2165 1954 518 2969 2133 2628 2004 2467 2599 2224 1813 1192 1660 1803 2542 2142 1013 2620 893 1038 2035 1832 3014 2338 871 1676 712 1342 700 1440 3126 1919 2015 1208 1906 2139 1981 2128 2224 1707 0.0 2323 717 1900 2631 
5091 2023 2252 2737 2128 2418 448 2473 2575 789 2481 635 913 2824 3251 2876 1686 2622 696 2077 154 704 2292 2587 3006 1764 3351 2170 1359 1825 1271 2328 2180 1713 3082 738 3169 3291 2667 3275 2123 2486 2633 1920 2876 1981 2113 0.0 2370 1973 2674 
5996 1521 2482 1033 1826 2648 2393 2304 870 3197 2398 2857 2232 2817 2949 2575 2155 550 1888 2068 2770 2371 1365 2885 821 1302 2387 2183 3242 2566 1099 2026 1064 1606 362 1668 3391 2271 2365 1280 2256 2403 2332 2392 2575 1971 351 2551 0.0 2164 2895 
6501 1157 542 1920 1095 708 2201 1096 1757 2332 686 2516 2667 1286 2341 1966 374 2924 1583 282 1904 1505 1426 945 2170 968 2441 814 2376 846 1764 1418 1362 763 2385 1216 1460 2381 1757 2457 740 691 1723 619 1966 186 1823 2252 2269 0.0 964 
7229 1884 733 2538 1438 598 2928 1069 2375 3059 884 3244 3394 821 1854 1954 1102 3651 2310 1009 2632 2232 2023 834 2897 1695 2776 1012 2261 1275 2492 1760 2089 1491 3112 1944 686 2716 2164 2802 938 777 1552 1248 1954 913 2550 2979 2996 727 0.0 
